0111001012101201012201120|1.113888888888889|0.0|0.0|0.0|1.0888888888888888|1.2638888888888888|0.0|0.26388888888888873|0.0|0.0|0.0|1.0000463888888889|0.0|0.0|0.0|0.0|1.113888888888889|0.0|0.0|0.0|0.15833333333333333|0.0|0.0|0.0|0.0
0101001212101201012001120|0.913888888888889|0.0|1.999961388888889|0.0|0.7555555555555556|1.0638888888888889|0.0|0.0|0.0|0.0|0.0|1.2138888888888888|0.0|0.0|0.7388888888888889|0.0|1.0138888888888888|0.0|0.0|0.7583333333333333|0.05833333333333324|0.0|0.0|0.0|0.6833333333333333
0101001210021201212001120|0.8305555555555556|0.0|1.6138888888888887|0.0|0.8305555555555556|0.913888888888889|0.0|0.0|0.0|0.9055555555555556|2.999898888888889|0.0|0.0|0.0|0.7888888888888889|0.0|0.0|0.0|0.0|0.7583333333333333|-0.19166666666666665|0.0|0.0|0.0|0.6833333333333333
0101001210021200212021100|0.7805555555555556|0.0|1.5638888888888889|0.0|0.7805555555555556|0.8555555555555555|0.0|0.0|0.0|0.8555555555555555|0.7388888888888889|0.0|0.0|0.0|0.7388888888888889|1.999926388888889|0.0|0.0|0.0|0.7083333333333333|0.0|0.0|0.0|0.763888888888889|0.6583333333333333
0101001010021200212021000|0.8805555555555556|0.0|1.0638888888888889|0.0|0.8805555555555556|0.9555555555555556|0.0|1.113888888888889|0.0|0.9555555555555556|0.7888888888888889|0.0|0.0|0.0|0.7888888888888889|1.3138888888888889|0.0|0.0|0.0|0.7583333333333333|0.0|0.0|0.9999783333333333|0.7888888888888889|0.7
0101001010021200212000000|0.8555555555555555|0.0|1.0388888888888888|0.0|0.8555555555555555|0.9305555555555556|0.0|1.088888888888889|0.0|0.9305555555555556|0.7638888888888888|0.0|0.0|0.0|0.7638888888888888|0.7333333333333333|0.0|0.0|0.0|0.7333333333333333|0.6749999999999999|0.9999973055555555|0.8333333333333334|0.7305555555555555|0.6749999999999999
0120001210001200212000000|0.7555555555555555|0.0|0.0|2.9999888333333335|0.6305555555555555|0.8305555555555556|0.0|0.0|0.0|0.75|0.7388888888888889|0.8888888888888888|0.0|0.0|0.7138888888888889|0.6833333333333333|0.0|0.0|0.0|0.6833333333333333|0.625|0.6805555555555556|0.7833333333333333|0.6805555555555556|0.625
0120001210001200002000000|0.8055555555555556|0.0|0.0|1.9333333333333333|0.6805555555555556|0.8805555555555556|0.0|0.0|0.0|0.8|0.788888888888889|0.9333333333333333|0.0|0.0|0.7638888888888888|0.75|0.8638888888888888|0.99999825|0.0|0.7|0.6749999999999999|0.75|0.7583333333333333|0.7|0.6749999999999999
0020001210001000002000000|0.6805555555555556|0.9999979999999999|0.0|0.8|0.6805555555555556|0.85|0.0|0.0|0.0|0.85|0.788888888888889|0.9500000000000001|0.0|0.9|0.788888888888889|0.75|0.8638888888888888|0.8749999999999999|0.0|0.7|0.6749999999999999|0.75|0.7583333333333333|0.7|0.6749999999999999
0000001200001000002000000|0.6305555555555555|0.7999999999999999|0.7138888888888889|0.7000000000000001|0.625|0.7999999999999999|0.0|0.0|0.9999978888888889|0.7000000000000001|0.7388888888888889|0.9|0.0|0.8250000000000001|0.7083333333333334|0.7000000000000001|0.813888888888889|0.8250000000000001|0.0|0.65|0.625|0.7000000000000001|0.7083333333333334|0.65|0.625
0000000200001000000000000|0.65|0.725|0.7083333333333333|0.725|0.65|0.725|0.9999978055555555|0.0|0.7805555555555556|0.725|0.7333333333333334|0.9|0.0|0.9|0.7333333333333334|0.725|0.8055555555555556|0.9|0.8055555555555556|0.725|0.65|0.725|0.7333333333333334|0.725|0.65
0000000000000000000000000|0.65|0.725|0.725|0.725|0.65|0.725|0.8|0.8|0.8|0.725|0.725|0.8|1.0|0.8|0.725|0.725|0.8|0.8|0.8|0.725|0.65|0.725|0.725|0.725|0.65
0210011010221120212122101|1.3888888888888888|0.0|0.0|0.9583333333333333|0.7138888888888889|0.0|0.0|0.03888888888888886|0.0|1.999961388888889|0.0|0.0|0.0|0.0|0.0|3.358333333333333|0.0|0.0|0.0|0.0|0.0|0.0|0.0|1.638888888888889|0.0
0210011010221120212022121|1.3888888888888888|0.0|0.0|0.9083333333333333|0.7138888888888889|0.0|0.0|-0.011111111111111183|0.0|0.9055555555555556|0.0|0.0|0.0|0.0|0.0|3.358333333333333|0.0|0.0|0.0|2.999886388888889|0.0|0.0|0.0|0.0|0.0
0210011010221100212022120|0.0|0.0|0.0|-0.4416666666666667|-0.42500000000000004|0.0|0.0|0.0|0.0|-0.45000000000000007|0.0|0.0|0.0|0.0|-0.36944444444444446|0.0|0.0|0.0|0.0|-0.1694444444444444|0.0|0.0|0.0|0.0|3.3854753055555555
0200011210221100212020120|0.0|0.0|2.9720463888888893|0.8833333333333333|0.6305555555555555|0.0|0.0|0.0|0.0|0.8805555555555555|0.0|0.0|0.0|0.0|0.9138888888888889|0.0|0.0|0.0|0.0|0.7138888888888889|0.0|0.7805555555555556|0.0|0.0|0.6083333333333334
0200001010221100212020120|0.6055555555555556|0.0|0.6888888888888889|0.9833333333333333|0.6305555555555555|0.99997|0.0|0.9638888888888888|0.0|0.9805555555555555|0.0|0.0|0.0|0.0|1.0138888888888888|0.0|0.0|0.0|0.0|0.7138888888888889|0.0|0.8805555555555555|0.0|0.0|0.6083333333333334
0000001010221100212020020|0.6805555555555556|0.85|0.763888888888889|1.0333333333333334|0.6805555555555556|0.8|0.0|1.0638888888888889|0.0|1.0305555555555554|0.0|0.0|0.0|0.0|1.0638888888888889|0.0|0.0|0.0|0.0|0.7638888888888888|0.0|0.6555555555555557|0.9999983333333333|0.0|0.625
0000001010221100202020000|0.6805555555555556|0.85|0.763888888888889|1.0333333333333334|0.6805555555555556|0.8|0.0|1.0305555555555554|0.0|1.0305555555555554|0.0|0.0|0.0|0.0|1.0638888888888889|0.0|0.0|1.0000005555555556|0.0|0.7305555555555555|0.0|0.625|0.7583333333333333|0.7333333333333333|0.6749999999999999
0000000010221100200020000|0.6749999999999999|0.75|0.788888888888889|1.0833333333333335|0.6805555555555556|0.7|1.0233148888888888|1.0555555555555556|0.0|1.0805555555555557|0.0|0.0|0.0|0.0|1.113888888888889|0.0|0.0|1.1055555555555556|1.1888888888888889|0.7555555555555556|0.0|0.625|0.7583333333333333|0.7583333333333333|0.6749999999999999
0000000000201100200020000|0.6749999999999999|0.75|0.7583333333333333|0.7583333333333333|0.6749999999999999|0.7|0.8305555555555555|1.1055555555555556|1.0000105555555556|0.7555555555555556|0.0|0.9833333333333334|0.0|0.0|1.0333333333333334|0.0|0.0|1.0555555555555556|1.1055555555555556|0.7555555555555556|0.0|0.625|0.7583333333333333|0.7583333333333333|0.6749999999999999
0000000000201001200000000|0.6749999999999999|0.75|0.7583333333333333|0.75|0.6749999999999999|0.7333333333333333|0.8305555555555555|0.975|0.8305555555555555|0.75|0.0|0.9055555555555556|0.0|0.9999975|0.7583333333333333|0.0|0.0|0.9583333333333333|0.8305555555555555|0.75|0.675|0.7305555555555555|0.7583333333333333|0.75|0.6749999999999999
0000000000001000200000000|0.65|0.725|0.7333333333333334|0.725|0.65|0.725|0.8055555555555556|0.9500000000000001|0.8055555555555556|0.725|0.7333333333333334|0.9|0.0|0.9500000000000001|0.7333333333333334|0.9999675|0.0|0.9|0.8055555555555556|0.725|0.65|0.6749999999999999|0.7333333333333334|0.725|0.65
0211002101021002111100221|0.6333333333333334|0.0|0.0|0.0|0.10833333333333328|0.7083333333333333|0.0|0.0|1.0638888888888889|0.0|0.688888888888889|0.0|0.0|1.0138888888888888|1.113888888888889|0.0|0.0|0.0|0.0|0.0|0.6305555555555556|2.999928055555556|0.0|0.0|0.0
0211002101021000111000221|0.7083333333333334|0.0|0.0|0.0|0.23333333333333328|0.7833333333333333|0.0|0.0|1.1888888888888889|0.0|0.8138888888888889|0.0|0.0|1.1388888888888888|0.9388888888888889|1.1833333333333333|0.0|0.0|0.0|1.0000083333333334|0.7305555555555555|2.3555555555555556|0.0|0.0|0.0
0011002121021220111200220|0.6333333333333333|0.8888888888888888|0.0|0.0|-0.16666666666666674|0.6833333333333333|0.0|0.0|0.0|0.0|0.7138888888888889|0.0|0.0|0.0|0.0|0.8833333333333333|0.0|0.0|0.0|0.0|0.6305555555555555|0.8555555555555555|0.0|0.0|4.999770555555555
0011202120021220111000220|0.5833333333333334|0.8388888888888889|0.0|0.0|0.0|0.6333333333333333|0.0|0.0|0.0|1.9999113888888889|0.6638888888888889|0.0|0.0|0.0|0.0|0.8333333333333333|0.0|0.0|0.0|0.7833333333333333|0.5805555555555556|0.8055555555555556|0.0|0.0|0.5555555555555556
0010202120021220111000020|0.6083333333333333|0.9305555555555555|0.0|0.9999855555555556|0.0|0.6583333333333333|0.0|0.0|0.0|0.0|0.6888888888888889|0.0|0.0|0.0|0.0|0.9583333333333333|0.0|0.0|0.0|0.9083333333333332|0.6055555555555556|0.9555555555555556|0.9388888888888889|0.0|0.5805555555555556
0000202120021220111000000|0.65|0.7055555555555556|1.0000008333333334|0.6305555555555556|0.0|0.7083333333333333|0.0|0.0|0.0|0.0|0.7388888888888889|0.0|0.0|0.0|0.0|1.0083333333333333|0.0|0.0|0.0|0.9583333333333333|0.6555555555555556|1.0055555555555555|1.0138888888888888|1.0055555555555555|0.6555555555555556
0000202120001220110000000|0.625|0.6805555555555556|1.0333333333333334|0.6055555555555556|0.0|0.6833333333333333|0.0|0.0|0.0|0.0|0.7388888888888889|0.9555555555555556|0.0|0.0|0.0|1.0333333333333334|0.0|0.0|1.0000113888888889|0.6583333333333333|0.6305555555555555|1.0305555555555554|1.0638888888888889|0.7055555555555556|0.625
0000200020001220110000000|0.6749999999999999|0.75|0.7583333333333333|0.625|0.0|0.75|0.8638888888888888|1.0272303333333335|0.0|0.0|0.788888888888889|1.0555555555555556|0.0|0.0|0.0|1.0833333333333335|0.0|0.0|1.1638888888888888|0.7083333333333333|0.6805555555555556|1.0805555555555557|1.113888888888889|0.7555555555555556|0.6749999999999999
0000200020001020010000000|0.6749999999999999|0.75|0.7583333333333333|0.625|0.0|0.75|0.8305555555555555|1.0583333333333333|0.0|0.0|0.7583333333333333|1.1055555555555556|0.0|0.9805555555555555|0.0|0.7583333333333333|1.0000105555555556|0.0|1.1055555555555556|0.7083333333333333|0.6749999999999999|0.7555555555555556|1.0333333333333334|0.7555555555555556|0.6749999999999999
0000000021001020000000000|0.6749999999999999|0.75|0.7583333333333333|0.7305555555555555|0.675|0.75|0.8305555555555555|0.9583333333333333|0.0|0.0|0.7583333333333333|0.975|0.0|0.9055555555555556|0.0|0.75|0.8305555555555555|0.9999975|0.8305555555555555|0.7333333333333333|0.6749999999999999|0.75|0.7583333333333333|0.75|0.6749999999999999
0000000020001000000000000|0.65|0.725|0.7333333333333334|0.6749999999999999|0.65|0.725|0.8055555555555556|0.9|0.0|0.9999675|0.7333333333333334|0.9500000000000001|0.0|0.9|0.7333333333333334|0.725|0.8055555555555556|0.9500000000000001|0.8055555555555556|0.725|0.65|0.725|0.7333333333333334|0.725|0.65
0120221222101110110200211|1.3888888888888888|0.0|0.0|3.358333333333333|0.0|0.0|0.0|0.0|0.0|0.0|0.0|0.0888888888888889|0.0|0.0|0.0|1.0083333333333333|0.0|0.0|1.5888888888888888|0.0|0.7138888888888889|1.9999663888888888|0.0|0.0|0.0
0120221222101110112200201|1.3888888888888888|0.0|0.0|3.358333333333333|0.0|0.0|0.0|0.0|0.0|0.0|0.0|-0.011111111111111183|0.0|0.0|0.0|0.9083333333333333|0.0|0.0|0.0|0.0|0.7138888888888889|0.9055555555555556|0.0|2.999886388888889|0.0
0120221222101110112200000|0.0|0.0|0.0|0.0|0.0|0.0|0.0|0.0|0.0|0.0|0.0|0.0|0.0|0.0|0.0|-0.4416666666666667|0.0|0.0|0.0|0.0|-0.42500000000000004|-0.45000000000000007|-0.36944444444444446|-0.1694444444444444|3.3854753055555555
0120221220021110112200000|0.0|0.0|0.0|0.0|0.0|0.0|0.0|0.0|0.0|0.7805555555555556|2.9720463888888893|0.0|0.0|0.0|0.0|0.8833333333333333|0.0|0.0|0.0|0.0|0.6305555555555555|0.8805555555555555|0.9138888888888889|0.7138888888888889|0.6083333333333334
0020221220001110112200000|0.6055555555555556|0.99997|0.0|0.0|0.0|0.0|0.0|0.0|0.0|0.8805555555555555|0.6888888888888889|0.9638888888888888|0.0|0.0|0.0|0.9833333333333333|0.0|0.0|0.0|0.0|0.6305555555555555|0.9805555555555555|1.0138888888888888|0.7138888888888889|0.6083333333333334
0020201220001100112200000|0.6805555555555556|0.8|0.0|0.0|0.0|0.85|0.0|0.0|0.0|0.6555555555555557|0.763888888888889|1.0638888888888889|0.0|0.0|0.9999983333333333|1.0333333333333334|0.0|0.0|0.0|0.0|0.6805555555555556|1.0305555555555554|1.0638888888888889|0.7638888888888888|0.625
0020201220001000112000000|0.6805555555555556|0.8|0.0|0.0|0.0|0.85|0.0|0.0|0.0|0.625|0.763888888888889|1.0305555555555554|0.0|1.0000005555555556|0.7583333333333333|1.0333333333333334|0.0|0.0|0.0|0.7333333333333333|0.6805555555555556|1.0305555555555554|1.0638888888888889|0.7305555555555555|0.6749999999999999
0020200220001000110000000|0.6749999999999999|0.7|0.0|0.0|0.0|0.75|1.0233148888888888|0.0|0.0|0.625|0.788888888888889|1.0555555555555556|0.0|1.1055555555555556|0.7583333333333333|1.0833333333333335|0.0|0.0|1.1888888888888889|0.7583333333333333|0.6805555555555556|1.0805555555555557|1.113888888888889|0.7555555555555556|0.6749999999999999
0020200020001000010000000|0.6749999999999999|0.7|0.0|0.0|0.0|0.75|0.8305555555555555|0.9833333333333334|0.0|0.625|0.7583333333333333|1.1055555555555556|0.0|1.0555555555555556|0.7583333333333333|0.7583333333333333|1.0000105555555556|0.0|1.1055555555555556|0.7583333333333333|0.6749999999999999|0.7555555555555556|1.0333333333333334|0.7555555555555556|0.6749999999999999
0021000020001000000000000|0.6749999999999999|0.7333333333333333|0.0|0.0|0.675|0.75|0.8305555555555555|0.9055555555555556|0.0|0.7305555555555555|0.7583333333333333|0.975|0.0|0.9583333333333333|0.7583333333333333|0.75|0.8305555555555555|0.9999975|0.8305555555555555|0.75|0.6749999999999999|0.75|0.7583333333333333|0.75|0.6749999999999999
0020000000001000000000000|0.6749999999999999|0.7|0.0|0.99997|0.6749999999999999|0.75|0.8305555555555555|0.9249999999999999|0.8305555555555555|0.75|0.7583333333333333|0.975|0.0|0.975|0.7583333333333333|0.75|0.8305555555555555|0.975|0.8305555555555555|0.75|0.6749999999999999|0.75|0.7583333333333333|0.75|0.6749999999999999
0120211220011121122020102|-0.09444444444444444|0.0|0.0|0.0|0.0|0.0|0.0|0.0|0.0|0.0|-0.11111111111111116|0.0|0.0|0.0|0.0|0.0|0.0|0.0|0.0|0.0|0.0|1.9995888888888889|0.0|0.6583333333333333|0.0
0120011220011121122020102|-0.09444444444444444|0.0|0.0|0.6083333333333334|0.625|0.0|0.0|0.0|0.0|0.9996305555555556|-0.11111111111111116|0.0|0.0|0.0|0.0|0.0|0.0|0.0|0.0|0.0|0.0|1.5888888888888888|0.0|0.6583333333333333|0.0
0120011220011121122000002|-0.04444444444444451|0.0|0.0|0.6083333333333334|0.625|0.0|0.0|0.0|0.0|0.6305555555555556|-0.061111111111111116|0.0|0.0|0.0|0.0|0.0|0.0|0.0|0.0|0.0|0.9555555555555556|1.0638888888888889|0.9997138888888889|0.6083333333333334|0.0
0000011220011121122000002|0.9555555555555556|1.0000638888888889|0.7138888888888889|0.6833333333333333|0.625|0.0|0.0|0.0|0.0|0.6305555555555556|-0.061111111111111116|0.0|0.0|0.0|0.0|0.0|0.0|0.0|0.0|0.0|0.9555555555555556|1.0638888888888889|0.7138888888888889|0.6083333333333334|0.0
0000011220001121122100000|0.8805555555555556|0.9555555555555556|0.7888888888888889|0.7583333333333333|0.7|0.0|0.0|0.0|0.0|1.3138888888888889|1.0638888888888889|1.0000638888888889|0.0|0.0|0.0|0.0|0.0|0.0|0.0|0.0|0.8805555555555556|0.9555555555555556|0.7888888888888889|0.7888888888888889|0.7000000000000001
0000011220001101122000000|0.8555555555555555|0.9305555555555556|0.7638888888888888|0.7333333333333333|0.6749999999999999|0.0|0.0|0.0|0.0|0.7305555555555555|1.0388888888888888|1.088888888888889|0.0|0.0|0.8333333333333334|0.0|0.0|0.0|0.0|0.9997305555555556|0.8555555555555555|0.9305555555555556|0.7638888888888888|0.7333333333333333|0.6749999999999999
0000011220221100102000000|0.7055555555555556|0.7805555555555556|0.7138888888888889|0.6833333333333333|0.625|0.0|0.0|0.0|0.0|0.6805555555555556|0.0|0.0|0.0|0.0|0.7833333333333333|2.9989333333333335|0.0|0.8555555555555555|0.0|0.6805555555555556|0.6305555555555555|0.7999999999999999|0.7388888888888889|0.6833333333333333|0.625
0000011220221000100000000|0.7555555555555555|0.8305555555555556|0.7638888888888888|0.7|0.6749999999999999|0.0|0.0|0.0|0.0|0.7|0.0|0.0|0.0|0.999825|0.7583333333333333|1.9833333333333334|0.0|0.9|0.8638888888888888|0.75|0.6805555555555556|0.85|0.788888888888889|0.75|0.6749999999999999
0000001020221000100000000|0.6805555555555556|0.85|0.788888888888889|0.7|0.6749999999999999|0.9998|0.0|0.9|0.0|0.7|0.0|0.0|0.0|0.8749999999999999|0.7583333333333333|0.8|0.0|0.9500000000000001|0.8638888888888888|0.75|0.6805555555555556|0.85|0.788888888888889|0.75|0.6749999999999999
0000000020021000100000000|0.625|0.7000000000000001|0.7083333333333334|0.65|0.625|0.7000000000000001|0.9997888888888888|0.8250000000000001|0.0|0.65|0.7138888888888889|0.0|0.0|0.8250000000000001|0.7083333333333334|0.7999999999999999|0.0|0.9|0.813888888888889|0.7000000000000001|0.6305555555555555|0.7999999999999999|0.7388888888888889|0.7000000000000001|0.625
0000000000021000000000000|0.65|0.725|0.7333333333333334|0.725|0.65|0.725|0.7805555555555556|0.9|0.8055555555555556|0.725|0.7083333333333333|0.0|0.0|0.9|0.7333333333333334|0.725|0.9997805555555556|0.9|0.8055555555555556|0.725|0.65|0.725|0.7333333333333334|0.725|0.65
2212102101221121101002100|0.0|0.0|0.0|0.0|0.0|3.358333333333333|0.0|0.0|1.5888888888888888|0.0|0.0|0.0|0.0|0.0|0.0|0.0|0.0|0.0888888888888889|0.0|1.9966388888888889|1.3888888888888888|0.0|0.0|1.0083333333333333|0.7138888888888889
2212102120221121101002100|0.0|0.0|0.0|0.0|0.0|3.358333333333333|0.0|0.0|0.0|2.988638888888889|0.0|0.0|0.0|0.0|0.0|0.0|0.0|-0.011111111111111183|0.0|0.9055555555555556|1.3888888888888888|0.0|0.0|0.9083333333333333|0.7138888888888889
2212002120221101101002100|0.0|0.0|0.0|0.0|3.3500305555555556|0.0|0.0|0.0|0.0|-0.1694444444444444|0.0|0.0|0.0|0.0|-0.36944444444444446|0.0|0.0|0.0|0.0|-0.45000000000000007|0.0|0.0|0.0|-0.4416666666666667|-0.42500000000000004
2012002120221101121002000|0.0|0.7805555555555556|0.0|0.0|0.6083333333333334|0.0|0.0|0.0|0.0|0.7138888888888889|0.0|0.0|0.0|0.0|0.9138888888888889|0.0|0.0|0.0|0.0|0.8805555555555555|0.0|0.0|2.9546388888888893|0.8833333333333333|0.6305555555555555
2012002120221100101002000|0.0|0.8805555555555555|0.0|0.0|0.6083333333333334|0.0|0.0|0.0|0.0|0.7138888888888889|0.0|0.0|0.0|0.0|1.0138888888888888|0.997|0.0|0.9638888888888888|0.0|0.9805555555555555|0.6055555555555556|0.0|0.6888888888888889|0.9833333333333333|0.6305555555555555
2002002120221100101000000|0.0|0.6555555555555557|0.9998333333333334|0.0|0.625|0.0|0.0|0.0|0.0|0.7638888888888888|0.0|0.0|0.0|0.0|1.0638888888888889|0.8|0.0|1.0638888888888889|0.0|1.0305555555555554|0.6805555555555556|0.85|0.763888888888889|1.0333333333333334|0.6805555555555556
2000002020221100101000000|0.0|0.625|0.7583333333333333|0.7333333333333333|0.6749999999999999|0.0|0.0|1.0000555555555555|0.0|0.7305555555555555|0.0|0.0|0.0|0.0|1.0638888888888889|0.8|0.0|1.0305555555555554|0.0|1.0305555555555554|0.6805555555555556|0.85|0.763888888888889|1.0333333333333334|0.6805555555555556
2000002000221100001000000|0.0|0.625|0.7583333333333333|0.7583333333333333|0.6749999999999999|0.0|0.0|1.1055555555555556|1.1888888888888889|0.7555555555555556|0.0|0.0|0.0|0.0|1.113888888888889|0.7|1.021488888888889|1.0555555555555556|0.0|1.0805555555555557|0.6749999999999999|0.75|0.788888888888889|1.0833333333333335|0.6805555555555556
2000002000201100000000000|0.0|0.625|0.7583333333333333|0.7583333333333333|0.6749999999999999|0.0|0.0|1.0555555555555556|1.1055555555555556|0.7555555555555556|0.0|0.9833333333333334|0.0|0.0|1.0333333333333334|0.7|0.8305555555555555|1.1055555555555556|1.0010555555555556|0.7555555555555556|0.6749999999999999|0.75|0.7583333333333333|0.7583333333333333|0.6749999999999999
0000012000201000000000000|0.675|0.7305555555555555|0.7583333333333333|0.75|0.6749999999999999|0.0|0.0|0.9583333333333333|0.8305555555555555|0.75|0.0|0.9055555555555556|0.0|0.99975|0.7583333333333333|0.7333333333333333|0.8305555555555555|0.975|0.8305555555555555|0.75|0.6749999999999999|0.75|0.7583333333333333|0.75|0.6749999999999999
0000000000201000000000000|0.6749999999999999|0.75|0.7583333333333333|0.75|0.6749999999999999|0.9997|0.8305555555555555|0.975|0.8305555555555555|0.75|0.0|0.9249999999999999|0.0|0.975|0.7583333333333333|0.7|0.8305555555555555|0.975|0.8305555555555555|0.75|0.6749999999999999|0.75|0.7583333333333333|0.75|0.6749999999999999
2010202211211100221120210|0.0|0.6583333333333333|0.0|1.9958888888888888|0.0|0.0|0.0|0.0|0.0|0.0|0.0|0.0|0.0|0.0|-0.11111111111111116|0.0|0.0|0.0|0.0|0.0|0.0|0.0|0.0|0.0|-0.09444444444444444
2010202211211100221100210|0.0|0.6583333333333333|0.0|1.5888888888888888|0.0|0.0|0.0|0.0|0.0|0.0|0.0|0.0|0.0|0.0|-0.11111111111111116|0.9963055555555556|0.0|0.0|0.0|0.0|0.625|0.6083333333333334|0.0|0.0|-0.09444444444444444
2000002211211100221100210|0.0|0.6083333333333334|0.9971388888888889|1.0638888888888889|0.9555555555555556|0.0|0.0|0.0|0.0|0.0|0.0|0.0|0.0|0.0|-0.061111111111111116|0.6305555555555556|0.0|0.0|0.0|0.0|0.625|0.6083333333333334|0.0|0.0|-0.04444444444444451
2000002211211100221100000|0.0|0.6083333333333334|0.7138888888888889|1.0638888888888889|0.9555555555555556|0.0|0.0|0.0|0.0|0.0|0.0|0.0|0.0|0.0|-0.061111111111111116|0.6305555555555556|0.0|0.0|0.0|0.0|0.625|0.6833333333333333|0.7138888888888889|1.0006388888888889|0.9555555555555556
0000012211211000221100000|0.7000000000000001|0.7888888888888889|0.7888888888888889|0.9555555555555556|0.8805555555555556|0.0|0.0|0.0|0.0|0.0|0.0|0.0|0.0|1.0006388888888889|1.0638888888888889|1.3138888888888889|0.0|0.0|0.0|0.0|0.7|0.7583333333333333|0.7888888888888889|0.9555555555555556|0.8805555555555556
0000002211011000221100000|0.6749999999999999|0.7333333333333333|0.7638888888888888|0.9305555555555556|0.8555555555555555|0.9973055555555556|0.0|0.0|0.0|0.0|0.8333333333333334|0.0|0.0|1.088888888888889|1.0388888888888888|0.7305555555555555|0.0|0.0|0.0|0.0|0.6749999999999999|0.7333333333333333|0.7638888888888888|0.9305555555555556|0.8555555555555555
0000002011011220221000000|0.625|0.6833333333333333|0.7388888888888889|0.8305555555555556|0.7555555555555555|0.6805555555555556|0.0|0.8888888888888888|0.0|0.0|0.7833333333333333|0.0|0.0|0.0|0.0|0.6805555555555556|0.0|0.0|0.0|2.9888333333333335|0.625|0.6833333333333333|0.7138888888888889|0.75|0.6305555555555555
0000000011001220221000000|0.6749999999999999|0.75|0.788888888888889|0.8805555555555556|0.8055555555555556|0.75|0.8638888888888888|0.9333333333333333|0.0|0.0|0.7583333333333333|0.99825|0.0|0.0|0.0|0.7|0.0|0.0|0.0|1.9333333333333333|0.6749999999999999|0.7|0.7638888888888888|0.8|0.6805555555555556
0000000010001220201000000|0.6749999999999999|0.75|0.788888888888889|0.85|0.6805555555555556|0.75|0.8638888888888888|0.9500000000000001|0.0|0.998|0.7583333333333333|0.8749999999999999|0.0|0.0|0.0|0.7|0.0|0.9|0.0|0.8|0.6749999999999999|0.7|0.788888888888889|0.85|0.6805555555555556
0000000010001200200000000|0.625|0.7000000000000001|0.7388888888888889|0.7999999999999999|0.6305555555555555|0.7000000000000001|0.813888888888889|0.9|0.0|0.7999999999999999|0.7083333333333334|0.8250000000000001|0.0|0.0|0.7138888888888889|0.65|0.0|0.8250000000000001|0.9978888888888889|0.7000000000000001|0.625|0.65|0.7083333333333334|0.7000000000000001|0.625
0000000000001200000000000|0.65|0.725|0.7333333333333334|0.725|0.65|0.725|0.8055555555555556|0.9|0.9978055555555556|0.725|0.7333333333333334|0.9|0.0|0.0|0.7083333333333333|0.725|0.8055555555555556|0.9|0.7805555555555556|0.725|0.65|0.725|0.7333333333333334|0.725|0.65
0002022210021112021002020|0.425|0.5|0.5138888888888888|0.0|0.4888888888888888|0.0|0.0|0.0|0.0|1.4217305555555555|0.0|0.0|0.0|0.0|0.0|0.0|0.0|0.0|0.0|0.6305555555555555|0.0|0.0|0.0|0.0|0.4888888888888888
0000022210021012021002020|0.5|0.575|0.638888888888889|0.725|0.5888888888888889|0.0|0.0|0.0|0.0|0.75|0.0|0.0|0.0|0.98825|0.0|0.0|0.0|0.0|0.0|0.7000000000000001|0.0|0.0|0.0|0.0|0.5638888888888889
0000022210021012021000020|0.5|0.575|0.638888888888889|0.725|0.5888888888888889|0.0|0.0|0.0|0.0|0.75|0.0|0.0|0.0|-0.17500000000000004|0.0|0.0|0.5888888888888889|0.0|0.0|0.7000000000000001|0.5|0.625|1.0055138888888888|0.0|0.5638888888888889
0000022210021002101011120|0.6000000000000001|0.6749999999999999|0.7388888888888889|0.8250000000000001|0.6555555555555556|0.0|0.0|0.0|0.0|0.8250000000000001|1.1888888888888889|0.0|0.0|0.9|1.855938888888889|0.0|0.0|-0.11944444444444446|0.0|0.8250000000000001|0.0|0.0|0.0|0.0|1.238888888888889
0000022210021002101010100|0.675|0.75|0.8138888888888889|0.9|0.7305555555555555|0.0|0.0|0.0|0.0|0.9|0.0|0.0|0.0|1.025|0.8138888888888889|0.0|0.0|0.09999999999999998|0.0|0.95|0.0|1.033275|0.0|0.975|0.7638888888888888
0000022200121000101010100|0.6833333333333333|0.725|0.7583333333333333|0.775|0.7|0.0|0.0|0.0|1.0255888888888889|0.775|0.0|0.0|0.0|0.975|0.8138888888888889|-0.125|0.0|0.1250000000000001|0.0|0.9249999999999999|0.0|-0.025000000000000022|0.0|0.9500000000000001|0.7388888888888889
0000022200101000121010000|0.6333333333333334|0.6749999999999999|0.7083333333333333|0.725|0.65|0.0|0.0|0.0|0.8138888888888889|0.725|0.0|0.7999999999999999|0.0|0.875|0.763888888888889|-0.125|0.0|0.0|0.0|0.8250000000000001|0.0|0.7999999999999999|2.0140638888888884|0.8250000000000001|0.6555555555555556
0000002200101000120010000|0.6083333333333333|0.625|0.6583333333333333|0.675|0.6|0.725|0.0|0.0|0.7305555555555556|0.675|0.0|0.7999999999999999|0.0|0.7999999999999999|0.6833333333333333|-0.125|0.0|0.0|0.9976388888888889|0.675|0.0|0.75|0.6888888888888889|0.675|0.6
0000002200101002100000000|0.6333333333333333|0.65|0.6833333333333333|0.7000000000000001|0.625|0.7|0.0|0.0|0.7555555555555556|0.7000000000000001|0.0|0.825|0.0|0.875|0.7083333333333334|0.0|0.0|0.9|0.813888888888889|0.7000000000000001|1.992138888888889|0.7999999999999999|0.7388888888888889|0.7000000000000001|0.625
0000002000001002100000000|0.625|0.65|0.7083333333333334|0.7000000000000001|0.625|0.65|0.0|0.875|0.7805555555555557|0.7000000000000001|0.9971388888888889|0.9|0.0|0.9249999999999999|0.7083333333333334|0.0|0.0|0.95|0.813888888888889|0.7000000000000001|0.6055555555555556|0.7999999999999999|0.7388888888888889|0.7000000000000001|0.625
0000000000001002000000000|0.6749999999999999|0.75|0.7583333333333333|0.75|0.6749999999999999|0.75|0.8305555555555555|0.975|0.8305555555555555|0.75|0.7083333333333333|0.975|0.0|0.975|0.7583333333333333|0.0|0.9978055555555556|0.975|0.8305555555555555|0.75|0.625|0.75|0.7583333333333333|0.75|0.6749999999999999
0202020210021112221000020|0.0|0.0|0.0|0.0|0.4888888888888888|0.0|0.0|0.0|0.0|0.6305555555555555|0.0|0.0|0.0|0.0|0.0|0.0|0.0|0.0|0.0|1.4217305555555555|0.425|0.5|0.5138888888888888|0.0|0.4888888888888888
0202020210021012221000000|0.0|0.0|0.0|0.0|0.5638888888888889|0.0|0.0|0.0|0.0|0.7000000000000001|0.0|0.0|0.0|0.98825|0.0|0.0|0.0|0.0|0.0|0.75|0.5|0.575|0.638888888888889|0.725|0.5888888888888889
0002020210021012221000000|0.5|0.625|1.0055138888888888|0.0|0.5638888888888889|0.0|0.5888888888888889|0.0|0.0|0.7000000000000001|0.0|0.0|0.0|0.8825000000000001|0.0|0.0|0.0|0.0|0.0|0.75|0.5|0.575|0.638888888888889|0.725|0.5888888888888889
1112021010021002221000000|0.0|0.0|0.0|0.0|1.238888888888889|0.0|0.0|-0.11944444444444446|0.0|0.8250000000000001|1.1888888888888889|0.0|0.0|0.9|1.866093888888889|0.0|0.0|0.0|0.0|0.8250000000000001|0.6000000000000001|0.6749999999999999|0.7388888888888889|0.8250000000000001|0.6555555555555556
1010021010021002221000000|0.0|1.0435774999999998|0.0|0.975|0.7638888888888888|0.0|0.0|0.09999999999999998|0.0|0.95|0.0|0.0|0.0|1.025|0.8138888888888889|0.0|0.0|0.0|0.0|0.9|0.675|0.75|0.8138888888888889|0.9|0.7305555555555555
1010001010121002220000000|0.0|-0.025000000000000022|0.0|0.9500000000000001|0.7388888888888889|-0.125|0.0|0.1250000000000001|0.0|0.9249999999999999|0.0|0.0|0.0|0.975|0.8138888888888889|0.0|0.0|0.0|1.027058888888889|0.775|0.6833333333333333|0.725|0.7583333333333333|0.775|0.7
1000001210101002220000000|0.0|0.7999999999999999|2.0206563888888884|0.8250000000000001|0.6555555555555556|-0.125|0.0|0.0|0.0|0.8250000000000001|0.0|0.7999999999999999|0.0|0.875|0.763888888888889|0.0|0.0|0.0|0.8138888888888889|0.725|0.6333333333333334|0.6749999999999999|0.7083333333333333|0.725|0.65
1000001200101000220000000|0.0|0.75|0.6888888888888889|0.675|0.6|-0.125|0.0|0.0|0.9997638888888889|0.675|0.0|0.7999999999999999|0.0|0.7999999999999999|0.6833333333333333|0.725|0.0|0.0|0.7305555555555556|0.675|0.6083333333333333|0.625|0.6583333333333333|0.675|0.6
0000021000101000220000000|1.9992138888888888|0.7999999999999999|0.7388888888888889|0.7000000000000001|0.625|0.0|0.0|0.9|0.813888888888889|0.7000000000000001|0.0|0.825|0.0|0.875|0.7083333333333334|0.7|0.0|0.0|0.7555555555555556|0.7000000000000001|0.6333333333333333|0.65|0.6833333333333333|0.7000000000000001|0.625
0000021000001000200000000|0.6055555555555556|0.7999999999999999|0.7388888888888889|0.7000000000000001|0.625|0.0|0.0|0.95|0.813888888888889|0.7000000000000001|0.9997138888888889|0.9|0.0|0.9249999999999999|0.7083333333333334|0.65|0.0|0.875|0.7805555555555557|0.7000000000000001|0.625|0.65|0.7083333333333334|0.7000000000000001|0.625
0000020000001000000000000|0.625|0.75|0.7583333333333333|0.75|0.6749999999999999|0.0|0.9997805555555556|0.975|0.8305555555555555|0.75|0.7083333333333333|0.975|0.0|0.975|0.7583333333333333|0.75|0.8305555555555555|0.975|0.8305555555555555|0.75|0.6749999999999999|0.75|0.7583333333333333|0.75|0.6749999999999999
0212001011211221012010122|1.2638888888888888|0.0|0.0|0.0|1.3888888888888888|1.663888888888889|0.0|0.03888888888888886|0.0|0.0|0.0|0.0|0.0|0.0|0.0|0.0|0.9888888888888889|0.0|0.0|5.735833333333334|0.0|1.0388888888888888|0.0|0.0|0.0
0012001011211220212012122|0.7138888888888889|0.9083333333333333|0.0|0.0|1.3888888888888888|0.9055555555555556|0.0|-0.011111111111111183|0.0|0.0|0.0|0.0|0.0|0.0|0.0|2.886388888888889|0.0|0.0|0.0|3.358333333333333|0.0|0.0|0.0|0.0|0.0
0012001011011220212002122|-0.42500000000000004|-0.4416666666666667|0.0|0.0|0.0|-0.45000000000000007|0.0|0.0|0.0|0.0|-0.36944444444444446|0.0|0.0|0.0|0.0|-0.1694444444444444|0.0|0.0|0.0|0.0|3.0278055555555556|0.0|0.0|0.0|0.0
0002001211011220212002102|0.6305555555555555|0.8833333333333333|2.796388888888889|0.0|0.0|0.8805555555555555|0.0|0.0|0.0|0.0|0.9138888888888889|0.0|0.0|0.0|0.0|0.7138888888888889|0.0|0.0|0.0|0.0|0.6083333333333334|0.0|0.0|0.7805555555555556|0.0
0002001010011220212002102|0.6305555555555555|0.9833333333333333|0.6888888888888889|0.0|0.6055555555555556|0.9805555555555555|0.0|0.9638888888888888|0.0|0.97|1.0138888888888888|0.0|0.0|0.0|0.0|0.7138888888888889|0.0|0.0|0.0|0.0|0.6083333333333334|0.0|0.0|0.8805555555555555|0.0
0000001010011220212002002|0.6805555555555556|1.0333333333333334|0.763888888888889|0.85|0.6805555555555556|1.0305555555555554|0.0|1.0638888888888889|0.0|0.8|1.0638888888888889|0.0|0.0|0.0|0.0|0.7638888888888888|0.0|0.0|0.0|0.0|0.625|0.0|0.9983333333333333|0.6555555555555557|0.0
0000001010011220202000002|0.6805555555555556|1.0333333333333334|0.763888888888889|0.85|0.6805555555555556|1.0305555555555554|0.0|1.0305555555555554|0.0|0.8|1.0638888888888889|0.0|0.0|0.0|0.0|0.7305555555555555|0.0|1.0005555555555556|0.0|0.0|0.6749999999999999|0.7333333333333333|0.7583333333333333|0.625|0.0
0000001000011220002000002|0.6805555555555556|1.0833333333333335|0.788888888888889|0.75|0.6749999999999999|1.0805555555555557|0.0|1.0555555555555556|1.0048888888888887|0.7|1.113888888888889|0.0|0.0|0.0|0.0|0.7555555555555556|1.1888888888888889|1.1055555555555556|0.0|0.0|0.6749999999999999|0.7583333333333333|0.7583333333333333|0.625|0.0
0000000000011020002000002|0.6749999999999999|0.7583333333333333|0.7583333333333333|0.75|0.6749999999999999|0.7555555555555556|1.0105555555555557|1.1055555555555556|0.8305555555555555|0.7|1.0333333333333334|0.0|0.0|0.9833333333333334|0.0|0.7555555555555556|1.1055555555555556|1.0555555555555556|0.0|0.0|0.6749999999999999|0.7583333333333333|0.7583333333333333|0.625|0.0
0000000000001020002100000|0.6749999999999999|0.75|0.7583333333333333|0.75|0.6749999999999999|0.75|0.8305555555555555|0.975|0.8305555555555555|0.7333333333333333|0.7583333333333333|0.9975|0.0|0.9055555555555556|0.0|0.75|0.8305555555555555|0.9583333333333333|0.0|0.0|0.6749999999999999|0.75|0.7583333333333333|0.7305555555555555|0.675
0000000000001000002000000|0.65|0.725|0.7333333333333334|0.725|0.65|0.725|0.8055555555555556|0.9500000000000001|0.8055555555555556|0.725|0.7333333333333334|0.9500000000000001|0.0|0.9|0.7333333333333334|0.725|0.8055555555555556|0.9|0.0|0.9675|0.65|0.725|0.7333333333333334|0.6749999999999999|0.65
0101111011011211222222000|0.005555555555555536|0.0|1.088888888888889|0.0|0.0|0.0|0.0|1.0388888888888888|0.0|0.0|0.9038888888888889|0.0|0.0|0.0|0.0|0.0|0.0|0.0|0.0|0.0|0.0|0.0|0.6583333333333333|0.7|0.6583333333333333
0101111010011211222202000|0.030555555555555558|0.0|1.2138888888888888|0.0|0.0|0.0|0.0|1.163888888888889|0.0|0.9125555555555557|0.11388888888888882|0.0|0.0|0.0|0.0|0.0|0.0|0.0|0.0|0.0|0.7000000000000001|0.0|0.6833333333333333|0.725|0.6833333333333333
0101111010211010222202000|-0.09444444444444444|0.0|1.1388888888888888|0.0|0.0|0.0|0.0|1.088888888888889|0.0|-0.09444444444444444|0.0|0.0|0.0|1.1083333333333334|0.0|1.995638888888889|0.0|0.0|0.0|0.0|0.5750000000000001|0.0|0.6083333333333334|0.65|0.6083333333333334
0101101010211010222002000|0.9305555555555555|0.0|1.1638888888888888|0.0|0.0|1.0515555555555556|0.0|1.0805555555555557|0.0|-0.019444444444444486|0.0|0.0|0.0|1.1833333333333333|0.0|0.6555555555555557|0.0|0.0|0.0|0.775|0.6000000000000001|0.0|0.6333333333333334|0.6749999999999999|0.6583333333333333
0101101010001010222002000|0.9055555555555556|0.0|1.1388888888888888|0.0|0.0|0.9805555555555555|0.0|1.2055555555555557|0.0|0.005555555555555536|0.788888888888889|1.0908333333333335|0.0|1.0583333333333333|0.0|0.7|0.0|0.0|0.0|0.8|0.625|0.0|0.6583333333333333|0.7|0.6833333333333333
0120101210001010222000000|0.7555555555555555|0.0|0.0|2.9573333333333336|0.0|0.8305555555555556|0.0|0.0|0.0|-0.10000000000000009|0.7388888888888889|0.8333333333333333|0.0|0.825|0.0|0.65|0.0|0.0|0.0|0.75|0.625|0.65|0.6833333333333333|0.65|0.6333333333333333
0020101210001010220000000|0.6555555555555556|0.9775|0.0|0.75|0.0|0.8250000000000001|0.0|0.0|0.0|-0.07500000000000007|0.763888888888889|0.8250000000000001|0.0|0.9|0.0|0.6749999999999999|0.0|0.0|0.788888888888889|0.8250000000000001|0.65|0.6749999999999999|0.7083333333333333|0.725|0.6583333333333333
0000100210001010220000000|0.6|0.675|0.6888888888888889|0.75|0.0|0.675|0.9763888888888889|0.0|0.0|-0.125|0.6833333333333333|0.75|0.0|0.85|0.0|0.625|0.0|0.0|0.7388888888888889|0.775|0.6|0.625|0.6583333333333333|0.675|0.6083333333333333
0000000012001010220000000|0.625|0.7000000000000001|0.7388888888888889|0.7999999999999999|1.9213888888888888|0.7000000000000001|0.813888888888889|0.9|0.0|0.0|0.7083333333333334|0.8250000000000001|0.0|0.8749999999999999|0.0|0.65|0.0|0.0|0.763888888888889|0.75|0.625|0.65|0.6833333333333333|0.7000000000000001|0.6333333333333333
0000000012001000200000000|0.625|0.7000000000000001|0.7388888888888889|0.7999999999999999|0.6055555555555556|0.7000000000000001|0.813888888888889|0.95|0.0|0.0|0.7083333333333334|0.875|0.0|0.95|0.9713888888888889|0.65|0.0|0.875|0.813888888888889|0.7000000000000001|0.625|0.65|0.7083333333333334|0.7000000000000001|0.625
0000000002001000000000000|0.6749999999999999|0.75|0.7583333333333333|0.75|0.625|0.75|0.8305555555555555|0.975|0.9780555555555556|0.0|0.7583333333333333|0.975|0.0|0.975|0.7083333333333333|0.75|0.8305555555555555|0.975|0.8305555555555555|0.75|0.6749999999999999|0.75|0.7583333333333333|0.75|0.6749999999999999
0202002202021202111200100|0.425|0.0|0.0|0.0|0.0|0.5|0.0|0.0|0.0|0.0|0.5138888888888888|0.0|0.0|0.0|0.0|0.0|0.0|0.0|0.0|0.0|0.4888888888888888|1.3498055555555557|0.0|0.6305555555555555|0.4888888888888888
0202002202021200101200100|0.5|0.0|0.0|0.0|0.0|0.575|0.0|0.0|0.0|0.0|0.638888888888889|0.0|0.0|0.0|0.0|0.725|0.0|0.8825000000000001|0.0|0.0|0.5888888888888889|0.75|0.0|0.7000000000000001|0.5638888888888889
0202002200021200101200100|0.5|0.0|0.0|0.0|0.5|0.575|0.0|0.0|0.5888888888888889|0.625|0.638888888888889|0.0|0.0|0.0|0.9676388888888888|0.725|0.0|0.8825000000000001|0.0|0.0|0.5888888888888889|0.75|0.0|0.7000000000000001|0.5638888888888889
0202102211021010101200000|0.6000000000000001|0.0|1.1888888888888889|0.0|0.0|0.6749999999999999|0.0|0.0|0.0|0.0|0.7388888888888889|0.0|0.0|-0.11944444444444446|0.0|0.8250000000000001|0.0|0.9|0.0|0.0|0.6555555555555556|0.8250000000000001|1.855938888888889|0.8250000000000001|1.238888888888889
0202102210021010101000000|0.675|0.0|0.0|0.0|0.0|0.75|0.0|0.0|0.0|1.033275|0.8138888888888889|0.0|0.0|0.09999999999999998|0.0|0.9|0.0|1.025|0.0|0.975|0.7305555555555555|0.9|0.8138888888888889|0.95|0.7638888888888888
0210102210021010001000000|0.6833333333333333|0.0|0.0|-0.125|0.0|0.725|0.0|0.0|0.0|-0.025000000000000022|0.7583333333333333|0.0|0.0|0.1250000000000001|0.0|0.775|1.0255888888888889|0.975|0.0|0.9500000000000001|0.7|0.775|0.8138888888888889|0.9249999999999999|0.7388888888888889
0210102010021200001000000|0.6333333333333334|0.0|0.0|-0.125|0.0|0.6749999999999999|0.0|0.7999999999999999|0.0|0.7999999999999999|0.7083333333333333|0.0|0.0|0.0|2.0140638888888884|0.725|0.8138888888888889|0.875|0.0|0.8250000000000001|0.65|0.725|0.763888888888889|0.8250000000000001|0.6555555555555556
0010102010021200000000000|0.6083333333333333|0.725|0.0|-0.125|0.0|0.625|0.0|0.7999999999999999|0.0|0.75|0.6583333333333333|0.0|0.0|0.0|0.6888888888888889|0.675|0.7305555555555556|0.7999999999999999|0.9976388888888889|0.675|0.6|0.675|0.6833333333333333|0.675|0.6
0012002010021000000000000|0.6333333333333333|0.7|0.0|0.0|1.992138888888889|0.65|0.0|0.825|0.0|0.7999999999999999|0.6833333333333333|0.0|0.0|0.9|0.7388888888888889|0.7000000000000001|0.7555555555555556|0.875|0.813888888888889|0.7000000000000001|0.625|0.7000000000000001|0.7083333333333334|0.7000000000000001|0.625
0002002010001000000000000|0.625|0.65|0.9971388888888889|0.0|0.6055555555555556|0.65|0.0|0.9|0.0|0.7999999999999999|0.7083333333333334|0.875|0.0|0.95|0.7388888888888889|0.7000000000000001|0.7805555555555557|0.9249999999999999|0.813888888888889|0.7000000000000001|0.625|0.7000000000000001|0.7083333333333334|0.7000000000000001|0.625
0002000000001000000000000|0.6749999999999999|0.75|0.7083333333333333|0.0|0.625|0.75|0.8305555555555555|0.975|0.9978055555555556|0.75|0.7583333333333333|0.975|0.0|0.975|0.7583333333333333|0.75|0.8305555555555555|0.975|0.8305555555555555|0.75|0.6749999999999999|0.75|0.7583333333333333|0.75|0.6749999999999999
1111021020211122221220210|0.0|0.0|0.0|0.0|0.9858333333333333|0.0|0.0|0.7305555555555555|0.0|0.6055555555555556|0.0|0.0|0.0|0.0|0.0|0.0|0.0|0.0|0.0|0.0|0.0|4.333333333333334|0.0|0.0|0.8305555555555556
1110021020211122221020210|0.0|0.0|0.0|0.9933333333333333|0.6333333333333333|0.0|0.0|0.7805555555555556|0.0|0.6305555555555556|0.0|0.0|0.0|0.0|0.0|0.0|0.0|0.0|0.0|0.9305555555555555|0.0|4.333333333333334|0.0|0.0|0.9055555555555556
1110021020211002221020210|0.0|0.0|0.0|0.9083333333333333|0.6583333333333333|0.0|0.0|0.7555555555555555|0.0|0.6749999999999999|0.0|0.0|0.0|3.7623333333333333|0.763888888888889|0.0|0.0|0.0|0.0|0.8555555555555555|0.0|4.358333333333333|0.0|0.0|0.7805555555555556
1110021020211002221001200|0.0|0.0|0.0|0.9083333333333333|0.6583333333333333|0.0|0.0|0.7555555555555555|0.0|0.6749999999999999|0.0|0.0|0.0|1.0083333333333333|0.763888888888889|0.0|0.0|0.0|0.0|0.8250000000000001|0.0|0.0|0.0|0.9808333333333333|0.6555555555555556
1110021020211002221000000|0.0|0.0|0.0|0.8583333333333333|0.6083333333333333|0.0|0.0|0.7055555555555556|0.0|0.625|0.0|0.0|0.0|0.9583333333333333|0.7138888888888889|0.0|0.0|0.0|0.0|0.775|0.55|0.9658333333333333|0.6888888888888889|0.775|0.6055555555555556
1110021020201000221000000|0.0|0.0|0.0|0.8083333333333333|0.6083333333333333|0.0|0.0|0.8055555555555556|0.0|0.625|0.0|0.9833333333333333|0.0|0.825|0.7138888888888889|0.55|0.0|0.0|0.0|0.775|0.6|0.625|0.6888888888888889|0.775|0.6055555555555556
1010021020001000221000000|0.0|0.8825000000000001|0.0|0.725|0.6083333333333333|0.0|0.0|0.85|0.0|0.625|1.2638888888888886|0.825|0.0|0.825|0.7138888888888889|0.625|0.0|0.0|0.0|0.775|0.6|0.625|0.6888888888888889|0.775|0.6055555555555556
1010001020001000220000000|0.0|-0.10000000000000009|0.0|0.7|0.5833333333333334|0.775|0.0|0.8749999999999999|0.0|0.6|0.6888888888888889|0.85|0.0|0.775|0.6583333333333333|0.6|0.0|0.0|0.9705555555555556|0.65|0.575|0.6|0.6333333333333333|0.65|0.575
0210001000001000220000000|1.9213888888888888|0.0|0.0|0.75|0.6333333333333333|0.7999999999999999|0.0|0.8749999999999999|0.7888888888888889|0.7000000000000001|0.7388888888888889|0.85|0.0|0.875|0.7083333333333334|0.65|0.0|0.0|0.7555555555555556|0.7000000000000001|0.625|0.65|0.6833333333333333|0.7000000000000001|0.625
0200001000001000200000000|0.6055555555555556|0.0|0.9713888888888889|0.7000000000000001|0.625|0.7999999999999999|0.0|0.95|0.813888888888889|0.7000000000000001|0.7388888888888889|0.9|0.0|0.9249999999999999|0.7083333333333334|0.65|0.0|0.875|0.7805555555555557|0.7000000000000001|0.625|0.65|0.7083333333333334|0.7000000000000001|0.625
0200000000001000000000000|0.625|0.0|0.7083333333333333|0.75|0.6749999999999999|0.75|0.9780555555555556|0.975|0.8305555555555555|0.75|0.7583333333333333|0.975|0.0|0.975|0.7583333333333333|0.75|0.8305555555555555|0.975|0.8305555555555555|0.75|0.6749999999999999|0.75|0.7583333333333333|0.75|0.6749999999999999
0110011222211200101210112|0.0|0.0|0.0|2.002638888888889|-0.09444444444444444|0.0|0.0|0.0|0.0|0.0|0.0|0.0|0.0|0.0|-1.0611111111111111|0.0|0.0|0.0|0.0|0.0|0.0|0.0|0.0|0.0|0.0
0100011222211200101210112|-0.019444444444444486|0.0|2.268051388888889|0.6833333333333333|0.6000000000000001|0.0|0.0|0.0|0.0|0.0|0.0|0.0|0.0|0.0|1.7138888888888888|1.7138888888888888|0.0|0.030555555555555447|0.0|0.0|0.0|0.15833333333333333|0.0|0.0|0.0
0100011222211202101202112|-0.1694444444444445|0.0|0.9138888888888889|0.6333333333333333|0.55|0.0|0.0|0.0|0.0|0.0|0.0|0.0|0.0|0.0|1.6638888888888888|0.0|0.0|-0.1694444444444445|0.0|0.0|3.864138888888889|0.0|0.0|0.0|0.0
0100011222211202101202100|-0.1694444444444445|0.0|0.9138888888888889|0.6333333333333333|0.55|0.0|0.0|0.0|0.0|0.0|0.0|0.0|0.0|0.0|0.0|0.0|0.0|-0.06944444444444442|0.0|0.0|2.238888888888889|0.0|0.0|0.97|0.6138888888888889
0000011222211202101002100|0.8305555555555556|1.0026388888888889|0.7388888888888889|0.6749999999999999|0.6000000000000001|0.0|0.0|0.0|0.0|0.0|0.0|0.0|0.0|0.0|0.663888888888889|0.0|0.0|-0.019444444444444486|0.0|0.8250000000000001|2.288888888888889|0.0|0.0|0.7999999999999999|0.6888888888888889
0000010220211202101002100|0.6749999999999999|0.7388888888888889|0.6833333333333333|0.65|0.625|0.0|0.9888888888888889|0.0|0.0|0.65|0.0|0.0|0.0|0.0|0.7138888888888889|0.0|0.0|-0.09444444444444444|0.0|0.7999999999999999|2.2638888888888893|0.0|0.0|0.775|0.6638888888888889
0000010020211202100002100|0.6749999999999999|0.7388888888888889|0.7083333333333334|0.65|0.625|0.0|0.9638888888888888|0.9388888888888889|0.0|0.65|0.0|0.0|0.0|0.0|0.6833333333333333|0.0|0.0|0.8305555555555556|0.9763888888888889|0.7000000000000001|2.2638888888888893|0.0|0.0|0.75|0.6333333333333333
0000010020211002100002000|0.6749999999999999|0.7388888888888889|0.7083333333333334|0.65|0.625|0.0|1.0138888888888888|0.9888888888888889|0.0|0.65|0.0|0.0|0.0|0.9583333333333333|0.7083333333333334|0.0|0.0|0.9055555555555556|0.813888888888889|0.7000000000000001|1.6555555555555557|0.0|0.9713888888888889|0.7000000000000001|0.625
0000010020211002000000000|0.7|0.763888888888889|0.7333333333333334|0.6749999999999999|0.65|0.0|1.0055555555555555|1.0138888888888888|0.0|0.6749999999999999|0.0|0.0|0.0|0.9833333333333334|0.7333333333333334|0.0|0.9980555555555556|1.0305555555555554|0.8055555555555556|0.725|0.6000000000000001|0.7333333333333334|0.7333333333333334|0.725|0.65
0000010020201000000000000|0.7|0.7305555555555556|0.7333333333333334|0.6749999999999999|0.65|0.0|0.8555555555555555|0.9083333333333333|0.0|0.6749999999999999|0.0|0.9930555555555556|0.0|0.9|0.7333333333333334|0.7083333333333333|0.8055555555555556|0.9500000000000001|0.8055555555555556|0.725|0.65|0.725|0.7333333333333334|0.725|0.65
0002022210111121001201011|0.6333333333333334|0.7083333333333333|0.688888888888889|0.0|0.6305555555555556|0.0|0.0|0.0|0.0|2.928055555555556|0.0|0.0|0.0|0.0|0.0|0.0|1.0638888888888889|1.0138888888888888|0.0|0.0|0.10833333333333328|0.0|1.113888888888889|0.0|0.0
0000022210111121001201001|0.7083333333333334|0.7833333333333333|0.8138888888888889|1.1833333333333333|0.7305555555555555|0.0|0.0|0.0|0.0|2.3555555555555556|0.0|0.0|0.0|0.0|0.0|0.0|1.1888888888888889|1.1388888888888888|0.0|0.0|0.23333333333333328|0.0|0.9388888888888889|1.0083333333333333|0.0
0000002210111121221201220|0.6333333333333333|0.6833333333333333|0.7138888888888889|0.8833333333333333|0.6305555555555555|0.8888888888888888|0.0|0.0|0.0|0.8555555555555555|0.0|0.0|0.0|0.0|0.0|0.0|0.0|0.0|0.0|0.0|-0.16666666666666674|0.0|0.0|0.0|4.770555555555555
0000002210111121221220200|0.5833333333333334|0.6333333333333333|0.6638888888888889|0.8333333333333333|0.5805555555555556|0.8388888888888889|0.0|0.0|0.0|0.8055555555555556|0.0|0.0|0.0|0.0|0.0|0.0|0.0|0.0|0.0|0.0|0.0|1.9113888888888888|0.0|0.7833333333333333|0.5555555555555556
0000002210111100221220200|0.6083333333333333|0.6583333333333333|0.6888888888888889|0.9583333333333333|0.6055555555555556|0.9305555555555555|0.0|0.0|0.0|0.9555555555555556|0.0|0.0|0.0|0.0|0.9388888888888889|0.9855555555555555|0.0|0.0|0.0|0.0|0.0|0.0|0.0|0.9083333333333332|0.5805555555555556
0000002210011100221020200|0.65|0.7083333333333333|0.7388888888888889|1.0083333333333333|0.6555555555555556|0.7055555555555556|0.0|0.0|0.0|1.0055555555555555|1.0008333333333332|0.0|0.0|0.0|1.0138888888888888|0.6305555555555556|0.0|0.0|0.0|1.0055555555555555|0.0|0.0|0.0|0.9583333333333333|0.6555555555555556
0000002010011100220020200|0.625|0.6833333333333333|0.7388888888888889|1.0333333333333334|0.6305555555555555|0.6805555555555556|0.0|0.9555555555555556|0.0|1.0305555555555554|1.0333333333333334|0.0|0.0|0.0|1.0638888888888889|0.6055555555555556|0.0|0.0|1.011388888888889|0.7055555555555556|0.0|0.0|0.0|0.6583333333333333|0.625
0000000010001100220020200|0.6749999999999999|0.75|0.788888888888889|1.0833333333333335|0.6805555555555556|0.75|0.8638888888888888|1.0555555555555556|0.0|1.0805555555555557|0.7583333333333333|1.0353333333333334|0.0|0.0|1.113888888888889|0.625|0.0|0.0|1.1638888888888888|0.7555555555555556|0.0|0.0|0.0|0.7083333333333333|0.6749999999999999
0000000000001100200020200|0.6749999999999999|0.75|0.7583333333333333|0.7583333333333333|0.6749999999999999|0.75|0.8305555555555555|1.1055555555555556|1.0105555555555557|0.7555555555555556|0.7583333333333333|1.0583333333333333|0.0|0.0|1.0333333333333334|0.625|0.0|0.9805555555555555|1.1055555555555556|0.7555555555555556|0.0|0.0|0.0|0.7083333333333333|0.6749999999999999
0000000000001000200001200|0.6749999999999999|0.75|0.7583333333333333|0.75|0.6749999999999999|0.75|0.8305555555555555|0.975|0.8305555555555555|0.75|0.7583333333333333|0.9583333333333333|0.0|0.9975|0.7583333333333333|0.7305555555555555|0.0|0.9055555555555556|0.8305555555555555|0.75|0.675|0.0|0.0|0.7333333333333333|0.6749999999999999
0000000000001000000000200|0.6749999999999999|0.75|0.7583333333333333|0.75|0.6749999999999999|0.75|0.8305555555555555|0.975|0.8305555555555555|0.75|0.7583333333333333|0.975|0.0|0.975|0.7583333333333333|0.75|0.8305555555555555|0.9249999999999999|0.8305555555555555|0.75|0.6749999999999999|0.97|0.0|0.7|0.6749999999999999
2101001111121220212020202|0.0|0.0|-0.11111111111111116|0.0|-0.09444444444444444|1.958888888888889|0.0|0.0|0.0|0.0|0.0|0.0|0.0|0.0|0.0|0.6583333333333333|0.0|0.0|0.0|0.0|0.0|0.0|0.0|0.0|0.0
2101001111121220212020200|0.0|0.0|-0.11111111111111116|0.0|-0.09444444444444444|1.5888888888888888|0.0|0.0|0.0|0.0|0.0|0.0|0.0|0.0|0.0|0.6583333333333333|0.0|0.0|0.0|0.6083333333333334|0.0|0.0|0.0|0.9630555555555556|0.625
0101001111021220212020200|0.9555555555555556|0.0|-0.061111111111111116|0.0|-0.04444444444444451|1.0638888888888889|0.0|0.0|0.0|0.0|0.9713888888888889|0.0|0.0|0.0|0.0|0.6083333333333334|0.0|0.0|0.0|0.6083333333333334|0.0|0.0|0.0|0.6305555555555556|0.625
0101001110021200212020200|0.9555555555555556|0.0|-0.061111111111111116|0.0|0.9555555555555556|1.0638888888888889|0.0|0.0|0.0|1.006388888888889|0.7138888888888889|0.0|0.0|0.0|0.7138888888888889|0.6083333333333334|0.0|0.0|0.0|0.6833333333333333|0.0|0.0|0.0|0.6305555555555556|0.625
0101001010021200212001200|0.8805555555555556|0.0|1.0638888888888889|0.0|0.8805555555555556|0.9555555555555556|0.0|1.006388888888889|0.0|0.9555555555555556|0.7888888888888889|0.0|0.0|0.0|0.7888888888888889|0.7888888888888889|0.0|0.0|0.0|0.7583333333333333|0.7000000000000001|0.0|0.0|1.3138888888888889|0.7
0202022210021112221000000|0.0|0.0|0.0|0.0|0.5638888888888889|0.0|0.0|0.0|0.0|0.7555555555555556|0.0|0.0|0.0|0.0|0.0|0.0|0.0|0.0|0.0|0.7555555555555556|0.5|0.575|0.638888888888889|1.5773333333333333|0.5888888888888889
0002022210021112221000000|0.475|0.55|1.0123888888888888|0.0|0.5388888888888889|0.0|0.0|0.0|0.0|0.7305555555555555|0.0|0.0|0.0|0.0|0.0|0.0|0.0|0.0|0.0|0.7305555555555555|0.475|0.55|0.6138888888888889|0.8333333333333333|0.5638888888888889
0202002222021200111200100|0.5|0.0|0.0|0.0|0.0|0.575|0.0|0.0|0.0|0.0|0.638888888888889|0.0|0.0|0.0|0.0|0.8583333333333333|0.0|0.0|0.0|0.0|0.5888888888888889|1.5040555555555555|0.0|0.7555555555555556|0.5638888888888889
0202002220021200111200100|0.475|0.0|0.0|0.0|0.475|0.55|0.0|0.0|0.0|0.55|0.6138888888888889|0.0|0.0|0.0|1.0123888888888888|0.8333333333333333|0.0|0.0|0.0|0.0|0.5638888888888889|0.7305555555555555|0.0|0.7305555555555555|0.5388888888888889
1002022222111210101010101|0.0|0.7833333333333333|0.6833333333333333|0.0|0.0|0.0|0.0|0.0|0.0|0.0|0.0|0.0|0.0|0.0|0.0|0.005555555555555536|0.0|0.15555555555555556|0.0|0.89|0.0|0.13333333333333341|0.0|0.0|0.0
0002002222111210101010101|1.6200833333333333|0.7583333333333333|0.6833333333333333|0.0|0.0|1.0305555555555554|0.0|0.0|0.0|0.0|0.0|0.0|0.0|0.0|0.0|0.030555555555555558|0.0|0.1805555555555557|0.0|-0.125|0.0|0.15833333333333333|0.0|-0.025000000000000022|0.0
0002102220101210101010101|0.7333333333333333|0.75|0.7083333333333334|0.0|0.0|0.85|0.0|0.0|0.0|0.725|0.0|1.03775|0.0|0.0|0.0|0.050000000000000044|0.0|0.15000000000000002|0.0|-0.050000000000000044|0.0|0.050000000000000044|0.0|0.0|0.0
0002002220101010101010101|-0.2944444444444444|0.18888888888888888|0.08055555555555555|0.0|1.5588055555555556|0.058333333333333376|0.0|0.0|0.0|0.1388888888888889|0.0|0.055555555555555525|0.0|0.08888888888888885|0.0|0.0|0.0|0.0|0.0|0.0|0.0|0.0|0.0|0.0|0.0
0002000220001012101010101|0.6749999999999999|0.75|0.6583333333333333|0.0|0.6333333333333334|0.75|0.8388888888888889|0.0|0.0|0.8|1.989888888888889|0.9500000000000001|0.0|0.975|0.0|0.0|0.0|0.15000000000000002|0.0|0.0|0.0|-0.10000000000000009|0.0|0.0|0.0
0002000220001010101002101|0.6749999999999999|0.75|0.6583333333333333|0.0|0.6333333333333334|0.75|0.8388888888888889|0.0|0.0|0.8|0.788888888888889|0.9500000000000001|0.0|0.975|0.0|0.85|0.0|0.09999999999999998|0.0|0.0|1.9666388888888888|0.0|0.0|-0.050000000000000044|0.0
0000000220001010121002001|0.625|0.7000000000000001|0.6833333333333333|0.65|0.6333333333333333|0.7000000000000001|0.788888888888889|0.0|0.0|0.75|0.7388888888888889|0.7999999999999999|0.0|0.825|0.0|0.75|0.0|0.0|0.0|-0.10000000000000009|0.6055555555555556|0.0|1.9213888888888888|0.775|0.0
0000000220001010021000001|0.6|0.675|0.6583333333333333|0.625|0.6083333333333333|0.675|0.7305555555555556|0.0|0.0|0.725|0.6833333333333333|0.7999999999999999|0.0|0.7999999999999999|0.0|0.675|0.9763888888888889|0.0|0.0|-0.125|0.6|0.675|0.6888888888888889|0.75|0.0
0000000220001010001200000|0.625|0.7000000000000001|0.6833333333333333|0.65|0.6333333333333333|0.7000000000000001|0.7555555555555556|0.0|0.0|0.7|0.7083333333333334|0.875|0.0|0.825|0.0|0.7000000000000001|0.813888888888889|0.9|0.0|0.0|0.625|0.7000000000000001|0.7388888888888889|0.7999999999999999|1.9213888888888888
0000000020001000001200000|0.625|0.7000000000000001|0.7083333333333334|0.65|0.625|0.7000000000000001|0.7805555555555557|0.875|0.0|0.65|0.7083333333333334|0.9249999999999999|0.0|0.9|0.9713888888888889|0.7000000000000001|0.813888888888889|0.95|0.0|0.0|0.625|0.7000000000000001|0.7388888888888889|0.7999999999999999|0.6055555555555556
0000000000001000000200000|0.6749999999999999|0.75|0.7583333333333333|0.75|0.6749999999999999|0.75|0.8305555555555555|0.975|0.8305555555555555|0.75|0.7583333333333333|0.975|0.0|0.975|0.7083333333333333|0.75|0.8305555555555555|0.975|0.9780555555555556|0.0|0.6749999999999999|0.75|0.7583333333333333|0.75|0.625
