2202002111221101111201222|0.0|0.0|0.9388888888888889|0.0|0.9905555555555555|0.0|0.0|0.0|0.0|0.0|0.0|0.0|0.0|0.0|3.2138888888888895|0.0|0.0|0.0|0.0|0.0|-0.06944444444444442|0.0|0.0|0.0|0.0
2202002110221101111201220|0.0|0.0|0.8638888888888889|0.0|0.6055555555555556|0.0|0.0|0.0|0.0|0.9963888888888889|0.0|0.0|0.0|0.0|0.9138888888888889|0.0|0.0|0.0|0.0|0.0|-0.1444444444444445|0.0|0.0|0.0|1.6555555555555557
2002002110221101011201220|0.0|0.5805555555555556|0.8638888888888889|0.0|0.5805555555555556|0.0|0.0|0.0|0.0|0.8888888888888888|0.0|0.0|0.0|0.0|0.8388888888888889|0.0|0.9888888888888889|0.0|0.0|0.0|-0.275|0.0|0.0|0.0|1.6305555555555555
2002002110221101010001220|0.0|0.6055555555555556|0.9888888888888889|0.0|0.6055555555555556|0.0|0.0|0.0|0.0|1.0138888888888888|0.0|0.0|0.0|0.0|1.0138888888888888|0.0|0.9805555555555555|0.0|0.9938888888888889|0.7388888888888889|-0.25|0.0|0.0|0.0|0.5750000000000001
0002012110221101000001220|0.675|0.7055555555555556|0.9888888888888889|0.0|0.6555555555555557|0.0|0.0|0.0|0.0|1.0138888888888888|0.0|0.0|0.0|0.0|1.0138888888888888|0.0|0.8305555555555556|1.0013888888888889|1.038888888888889|0.7555555555555556|-0.20000000000000007|0.0|0.0|0.0|0.625
0002012110221100000021200|0.65|0.6805555555555556|0.9638888888888889|0.0|0.6305555555555556|0.0|0.0|0.0|0.0|0.9888888888888889|0.0|0.0|0.0|0.0|0.9888888888888889|1.923888888888889|0.7805555555555556|0.9888888888888889|1.0638888888888889|0.7305555555555556|0.0|0.0|0.0|0.6833333333333333|0.65
0000012110221100000020200|0.675|0.7055555555555556|1.0638888888888889|1.0638888888888889|0.6805555555555556|0.0|0.0|0.0|0.0|1.0638888888888889|0.0|0.0|0.0|0.0|1.0638888888888889|0.6583333333333333|0.8055555555555556|1.088888888888889|1.1388888888888888|0.7555555555555556|0.0|0.9625|0.0|0.7083333333333333|0.6749999999999999
0000012010221100000000200|0.65|0.7055555555555556|0.763888888888889|1.0583333333333333|0.6555555555555556|0.0|0.0|1.0013888888888889|0.0|1.0555555555555556|0.0|0.0|0.0|0.0|1.088888888888889|0.7083333333333333|0.7805555555555556|1.0805555555555557|1.163888888888889|0.7305555555555556|0.65|0.6749999999999999|0.0|0.6833333333333333|0.65
0000012000021100000000200|0.7|0.7055555555555556|0.7333333333333334|0.7333333333333334|0.65|0.0|0.0|1.0138888888888888|1.0118055555555554|0.7305555555555556|0.7583333333333333|0.0|0.0|0.0|0.9583333333333333|0.7333333333333334|0.7805555555555556|0.9805555555555555|1.0305555555555554|0.7305555555555556|0.65|0.6749999999999999|0.0|0.6833333333333333|0.65
0000012000001000000000200|0.7|0.7055555555555556|0.7333333333333334|0.725|0.65|0.0|0.0|0.9333333333333333|0.8055555555555556|0.725|0.7833333333333333|0.9305555555555556|0.0|0.995|0.7333333333333334|0.7333333333333334|0.8055555555555556|0.9|0.8055555555555556|0.725|0.65|0.6749999999999999|0.0|0.6749999999999999|0.65
0000002000001000000000000|0.65|0.6749999999999999|0.7333333333333334|0.725|0.65|0.99675|0.0|0.9|0.8055555555555556|0.725|0.7333333333333334|0.9|0.0|0.9500000000000001|0.7333333333333334|0.725|0.8055555555555556|0.9500000000000001|0.8055555555555556|0.725|0.65|0.725|0.7333333333333334|0.725|0.65
0000000000000000000000000|0.65|0.725|0.725|0.725|0.65|0.725|0.8|0.8|0.8|0.725|0.725|0.8|1.0|0.8|0.725|0.725|0.8|0.8|0.8|0.725|0.65|0.725|0.725|0.725|0.65
0021010101211000011101120|0.85|1.943888888888889|0.0|0.0|-0.025000000000000022|0.0|1.3555555555555556|0.0|1.5138888888888888|0.0|0.0|0.0|0.0|1.363888888888889|1.4638888888888888|1.4388888888888887|1.288888888888889|0.0|0.0|0.0|1.3333333333333335|0.0|0.0|0.0|2.0138888888888893
0021010101211002211120120|0.825|1.4138888888888888|0.0|0.0|-0.050000000000000044|0.0|1.1805555555555554|0.0|1.3388888888888888|0.0|0.0|0.0|0.0|1.1888888888888889|1.288888888888889|0.0|0.0|0.0|0.0|0.0|0.0|4.848888888888888|0.0|0.0|1.8388888888888888
0001000101211002211120120|0.775|0.888888888888889|1.3083333333333333|0.0|0.0|0.9863888888888889|1.2555555555555555|0.0|1.4388888888888889|0.0|0.0|0.0|0.0|1.238888888888889|1.3388888888888888|0.0|0.0|0.0|0.0|0.0|0.0|1.2138888888888888|0.0|0.0|1.8888888888888888
0001000101011002201120120|0.7999999999999999|0.913888888888889|1.2333333333333334|0.0|0.02499999999999991|0.913888888888889|1.1805555555555554|0.0|1.363888888888889|0.0|1.1583333333333332|0.0|0.0|1.363888888888889|1.113888888888889|0.0|0.0|1.0338888888888889|0.0|0.0|0.0|0.8333333333333334|0.0|0.0|1.613888888888889
0001000101011000201120020|0.75|0.8638888888888889|1.1833333333333333|0.0|-0.025000000000000133|0.8638888888888889|1.1305555555555555|0.0|1.3138888888888889|0.0|1.1583333333333332|0.0|0.0|1.3138888888888889|1.0638888888888889|0.7305555555555556|0.0|1.3138888888888889|0.0|0.0|0.0|0.7333333333333334|0.9838888888888889|0.0|0.9055555555555556
0001000101001000201120000|0.7999999999999999|0.913888888888889|1.1833333333333333|0.0|0.02499999999999991|0.8833333333333333|1.2305555555555556|0.0|1.3138888888888889|0.0|0.8833333333333333|1.0180555555555555|0.0|1.363888888888889|1.1638888888888888|0.75|0.0|1.3083333333333333|0.0|0.0|0.0|0.75|0.913888888888889|1.1055555555555556|1.0305555555555554
0001000121001220201000000|0.7|0.8138888888888889|0.9333333333333333|0.0|-0.22499999999999998|0.7833333333333333|1.0305555555555554|0.0|0.0|0.0|0.7833333333333333|0.9805555555555555|0.0|0.0|0.0|0.725|0.0|1.0083333333333333|0.0|3.8533333333333335|0.7|0.725|0.8138888888888889|0.8749999999999999|0.7055555555555556
0001000121001200200000000|0.65|0.763888888888889|0.8833333333333333|0.0|-0.2250000000000001|0.7333333333333334|0.9805555555555555|0.0|0.0|0.0|0.7333333333333334|0.9305555555555556|0.0|0.0|0.7583333333333333|0.6749999999999999|0.0|0.9333333333333333|0.9780555555555556|0.7333333333333334|0.65|0.6749999999999999|0.7333333333333334|0.725|0.65
0001000021001000200000000|0.6749999999999999|0.7583333333333333|0.8083333333333333|0.0|-0.20000000000000007|0.75|0.8305555555555555|0.9988888888888889|0.0|0.0|0.7583333333333333|0.9249999999999999|0.0|0.9888888888888889|0.8083333333333333|0.7|0.0|0.9249999999999999|0.8305555555555555|0.7583333333333333|0.6749999999999999|0.7|0.7583333333333333|0.75|0.6749999999999999
0000200021001000000000000|0.7|0.775|0.7833333333333333|1.9280555555555556|0.0|0.775|0.8555555555555556|0.9833333333333333|0.0|0.0|0.7833333333333333|0.9999999999999999|0.0|0.9805555555555555|0.7833333333333333|0.775|0.8555555555555556|0.9999999999999999|0.8555555555555556|0.7833333333333333|0.7|0.775|0.7833333333333333|0.775|0.7
0000000020001000000000000|0.65|0.725|0.7333333333333334|0.6749999999999999|0.65|0.725|0.8055555555555556|0.9|0.0|0.99675|0.7333333333333334|0.9500000000000001|0.0|0.9|0.7333333333333334|0.725|0.8055555555555556|0.9500000000000001|0.8055555555555556|0.725|0.65|0.725|0.7333333333333334|0.725|0.65
2202122211221102101121110|0.0|0.0|10.49638888888889|0.0|0.0|0.0|0.0|0.0|0.0|0.0|0.0|0.0|0.0|0.0|0.11388888888888882|0.0|0.0|0.06388888888888888|0.0|0.0|0.0|0.0|0.0|0.0|0.16388888888888886
0202022211221102101121110|0.0|0.0|0.0|0.0|1.0130555555555556|0.0|0.0|0.0|0.0|0.0|0.0|0.0|0.0|0.0|0.13888888888888873|0.0|0.0|0.0888888888888889|0.0|0.0|0.0|0.0|0.0|0.0|0.188888888888889
0202002211221102101121100|0.625|0.0|0.0|0.0|1.0305555555555554|0.625|0.0|0.0|0.0|0.0|0.0|0.0|0.0|0.0|0.03888888888888886|0.0|0.0|0.13888888888888873|0.0|0.0|0.0|0.0|0.0|1.018888888888889|1.088888888888889
0200002201221102101121100|0.65|0.0|0.6833333333333333|0.8138888888888889|0.8|0.65|0.0|0.0|1.0458888888888889|0.0|0.0|0.0|0.0|0.0|0.16388888888888886|0.0|0.0|0.11388888888888882|0.0|0.0|0.0|0.0|0.0|1.163888888888889|1.0638888888888889
0000002201221102101121000|0.725|0.75|0.7833333333333333|0.8388888888888889|0.825|0.675|0.0|0.0|1.238888888888889|0.0|0.0|0.0|0.0|0.0|0.188888888888889|0.0|0.0|1.088888888888889|0.0|0.0|0.0|0.0|1.013388888888889|1.1388888888888888|1.0555555555555556
0000002201221102100101000|0.725|0.75|0.7833333333333333|0.8388888888888889|0.825|0.675|0.0|0.0|1.0555555555555554|0.0|0.0|0.0|0.0|0.0|0.13333333333333341|0.0|0.0|1.088888888888889|1.0831388888888889|0.0|0.8305555555555555|0.0|0.9638888888888888|0.8138888888888889|0.825
0000002201021102100100000|0.6749999999999999|0.7|0.7333333333333333|0.788888888888889|0.775|0.7|0.0|0.0|1.0055555555555555|0.0|0.7138888888888889|0.0|0.0|0.0|0.08333333333333326|0.0|0.0|1.0138888888888888|1.0638888888888889|0.0|0.6555555555555557|1.0045000000000002|0.788888888888889|0.788888888888889|0.775
0000002201001102000100000|0.625|0.65|0.6833333333333333|0.7388888888888889|0.725|0.65|0.0|0.0|1.0055555555555555|0.0|0.6583333333333333|0.9583333333333333|0.0|0.0|0.08333333333333337|0.0|0.9730555555555556|1.0388888888888888|1.0305555555555554|0.0|0.5750000000000001|0.7000000000000001|0.7083333333333334|0.7388888888888889|0.725
0000000201001122000000000|0.6|0.675|0.6583333333333333|0.7138888888888889|0.65|0.675|0.7305555555555556|0.0|0.8805555555555555|0.0|0.6333333333333333|0.9333333333333333|0.0|0.0|0.0|0.0|0.7055555555555556|0.9305555555555555|0.9305555555555555|1.926388888888889|0.55|0.675|0.6833333333333333|0.6833333333333333|0.6
0000000001001022000000000|0.6749999999999999|0.75|0.7583333333333333|0.7555555555555556|0.725|0.75|0.8305555555555555|0.9833333333333334|0.8805555555555556|0.0|0.7083333333333333|0.975|0.0|0.9955555555555555|0.0|0.0|0.7805555555555556|0.975|0.8305555555555555|0.7333333333333333|0.625|0.75|0.7583333333333333|0.75|0.6749999999999999
0000000000001020000000000|0.6749999999999999|0.75|0.7583333333333333|0.75|0.6749999999999999|0.75|0.8305555555555555|0.975|0.8305555555555555|0.997|0.7583333333333333|0.975|0.0|0.9249999999999999|0.0|0.75|0.8305555555555555|0.975|0.8305555555555555|0.7|0.6749999999999999|0.75|0.7583333333333333|0.75|0.6749999999999999
0111010211011221122201020|0.033333333333333326|0.0|0.0|0.0|-0.061111111111111116|0.0|1.998888888888889|0.0|0.0|0.0|0.13888888888888895|0.0|0.0|0.0|0.0|0.0|0.0|0.0|0.0|0.0|0.005555555555555536|0.0|1.0138888888888888|0.0|0.0
0110010211011221122001020|-0.01666666666666672|0.0|0.0|1.0026388888888889|0.8388888888888889|0.0|1.888888888888889|0.0|0.0|0.0|0.13888888888888895|0.0|0.0|0.0|0.0|0.0|0.0|0.0|0.0|0.7083333333333334|0.005555555555555536|0.0|1.0138888888888888|0.0|0.675
0110010211011221022001000|-0.01666666666666672|0.0|0.0|0.9388888888888889|0.8388888888888889|0.0|1.738888888888889|0.0|0.0|0.0|0.08333333333333337|0.0|0.0|0.0|0.0|0.0|1.0118055555555554|0.0|0.0|0.7083333333333334|-0.050000000000000044|0.0|0.8833333333333333|0.7583333333333333|0.725
0110010211001201022001000|0.008333333333333193|0.0|0.0|1.0138888888888888|0.9138888888888889|0.0|1.663888888888889|0.0|0.0|0.0|0.9583333333333333|1.0316388888888888|0.0|0.0|0.9638888888888889|0.0|1.0055555555555555|0.0|0.0|0.7833333333333333|-0.025000000000000133|0.0|0.9083333333333333|0.7833333333333333|0.75
0112210210001201002001000|-0.06666666666666665|0.0|0.0|0.0|0.0|0.0|1.588888888888889|0.0|0.0|2.925|0.9333333333333333|0.9388888888888889|0.0|0.0|0.8138888888888889|0.0|1.0055555555555555|0.9138888888888889|0.0|0.75|-0.050000000000000044|0.0|0.9083333333333332|0.7583333333333333|0.725
0102210010001201002001000|0.0|0.0|1.0523888888888888|0.0|0.0|0.0|1.0888888888888888|1.0388888888888888|0.0|0.85|0.9833333333333333|1.0388888888888888|0.0|0.0|0.8638888888888889|0.0|1.0555555555555554|1.0138888888888888|0.0|0.7999999999999999|0.0|0.0|0.9583333333333333|0.8083333333333333|0.775
0102210000001001002001000|-0.025000000000000133|0.0|0.8833333333333333|0.0|0.0|0.0|1.0305555555555554|1.0888888888888888|0.9855555555555555|0.775|0.9583333333333333|1.0638888888888889|0.0|1.0|0.8333333333333334|0.0|1.0305555555555554|1.0388888888888888|0.0|0.775|-0.025000000000000133|0.0|0.9333333333333333|0.7833333333333333|0.75
2100200000001001002001000|0.0|0.0|0.8583333333333333|0.7583333333333333|0.0|1.936388888888889|0.9305555555555555|1.0305555555555554|0.8805555555555555|0.75|0.9083333333333332|1.038888888888889|0.0|0.975|0.8083333333333333|0.0|1.0055555555555555|1.0138888888888888|0.0|0.75|-0.050000000000000044|0.0|0.9083333333333332|0.7583333333333333|0.725
2000000000001001002001000|0.0|0.9725|0.7833333333333333|0.775|0.7|0.7333333333333333|0.8555555555555556|0.9999999999999999|0.8555555555555556|0.775|0.8833333333333333|1.038888888888889|0.0|0.95|0.7833333333333333|0.0|0.9805555555555555|0.9888888888888889|0.0|0.725|-0.07499999999999996|0.0|0.8833333333333333|0.7333333333333333|0.7
2000000000001000000021000|0.0|0.75|0.8083333333333333|0.8|0.725|0.75|0.8805555555555555|1.0250000000000001|0.8805555555555555|0.8|0.8083333333333333|1.0333333333333332|0.0|1.0250000000000001|0.8083333333333333|1.9355555555555555|0.9305555555555555|1.0305555555555554|0.8805555555555555|0.8|0.0|0.0|0.8583333333333333|0.8083333333333333|0.725
0000000000001000000020000|0.7|0.775|0.7833333333333333|0.775|0.7|0.775|0.8555555555555556|0.9999999999999999|0.8555555555555556|0.775|0.7833333333333333|0.9999999999999999|0.0|0.9999999999999999|0.7833333333333333|0.725|0.8555555555555556|0.9999999999999999|0.8555555555555556|0.775|0.0|0.9725|0.7833333333333333|0.775|0.7
0102211220021121101010101|-0.09444444444444444|0.0|0.9138888888888889|0.0|0.0|0.0|0.0|0.0|0.0|0.0|1.9738888888888888|0.0|0.0|0.0|0.0|0.0|0.0|0.188888888888889|0.0|0.9305555555555555|0.0|0.005555555555555536|0.0|0.08333333333333337|0.0
0102211200021021101010101|-0.11944444444444446|0.0|0.888888888888889|0.0|0.0|0.0|0.0|0.0|0.7888888888888889|0.65|1.7138888888888888|0.0|0.0|0.9924999999999999|0.0|0.0|0.0|0.20833333333333337|0.0|0.85|0.0|-0.019444444444444375|0.0|0.02499999999999991|0.0
0102211200021001101002101|-0.09444444444444444|0.0|0.9138888888888889|0.0|0.0|0.0|0.0|0.0|0.8138888888888889|0.75|1.6888888888888889|0.0|0.0|0.9999999999999999|0.8388888888888889|0.0|0.0|0.13333333333333341|0.0|0.9249999999999999|1.952388888888889|0.0|0.0|0.0|0.0
0102211200221000101002101|-0.1694444444444444|0.0|0.8388888888888889|0.0|0.0|0.0|0.0|0.0|0.7888888888888889|0.725|0.0|0.0|0.0|0.975|0.8138888888888889|2.915083333333333|0.0|0.02499999999999991|0.0|0.9|1.288888888888889|0.0|0.0|-0.025000000000000022|0.0
0102211000221000001002101|-0.1444444444444445|0.0|0.913888888888889|0.0|0.0|0.0|0.0|1.0638888888888889|0.8138888888888889|0.7|0.0|0.0|0.0|1.0|0.788888888888889|0.7333333333333333|0.9763888888888889|0.975|0.0|0.875|0.6583333333333333|0.0|0.0|-0.050000000000000044|0.0
0102210000221000001000101|-0.09999999999999998|0.0|0.8583333333333333|0.0|0.0|0.0|0.9930555555555556|1.0138888888888888|0.8638888888888889|0.75|0.0|0.0|0.0|1.05|0.8388888888888889|0.7833333333333333|0.8638888888888889|1.075|0.0|0.9249999999999999|0.7333333333333333|0.9|0.0|0.050000000000000044|0.0
2002210000021000001000101|0.0|1.9305555555555556|0.7083333333333333|0.0|0.0|0.0|0.8555555555555556|0.9333333333333333|0.8138888888888889|0.7|0.7833333333333333|0.0|0.0|1.0|0.788888888888889|0.7583333333333333|0.8138888888888889|1.0250000000000001|0.0|0.875|0.6833333333333333|0.85|0.0|0.0|0.0
2002200000001000001000101|0.0|0.725|0.7333333333333333|0.0|0.0|0.976|0.8555555555555556|0.9999999999999999|0.8388888888888889|0.725|0.7833333333333333|0.9999999999999999|0.0|1.075|0.8138888888888889|0.775|0.8638888888888888|1.1|0.0|0.9|0.7083333333333333|0.8749999999999999|0.0|0.02499999999999991|0.0
2000200000001000001000120|0.0|0.7|0.7583333333333333|0.7|0.0|0.7|0.8305555555555555|0.975|0.8638888888888888|0.7|0.7583333333333333|0.975|0.0|1.0|0.788888888888889|0.75|0.8388888888888889|0.975|0.0|0.85|0.6833333333333333|0.8|0.0|0.0|1.926388888888889
0000200000001000001000020|0.6749999999999999|0.75|0.7583333333333333|0.7|0.0|0.75|0.8305555555555555|0.975|0.8638888888888888|0.7|0.7583333333333333|0.975|0.0|1.0|0.788888888888889|0.75|0.8638888888888888|1.0|0.0|0.85|0.6749999999999999|0.75|0.9763888888888889|0.0|0.6555555555555557
0000000000001000000000020|0.6749999999999999|0.75|0.7583333333333333|0.75|0.6749999999999999|0.75|0.8305555555555555|0.975|0.8305555555555555|0.75|0.7583333333333333|0.975|0.0|0.975|0.7583333333333333|0.75|0.8305555555555555|0.975|0.9978055555555556|0.75|0.6749999999999999|0.75|0.7083333333333333|0.0|0.625
0221002211221011111120010|0.65|0.0|0.0|0.0|0.26388888888888895|0.6833333333333333|0.0|0.0|0.0|0.0|0.0|0.0|0.0|0.16388888888888886|0.0|0.0|0.0|0.0|0.0|0.0|0.0|1.913888888888889|1.021388888888889|0.0|0.26388888888888895
0221002211221011110100010|0.7250000000000001|0.0|0.0|0.0|0.0888888888888889|0.7583333333333334|0.0|0.0|0.0|0.0|0.0|0.0|0.0|1.238888888888889|0.0|0.0|0.0|0.0|1.0388888888888888|0.0|1.0055555555555555|1.0888888888888888|1.1388888888888888|0.0|0.18333333333333324
0201002211221010110100010|0.7000000000000001|0.0|1.0888888888888888|0.0|0.11388888888888882|0.7000000000000001|0.0|0.0|0.0|0.0|0.0|0.0|0.0|1.2638888888888888|0.0|1.0568333333333333|0.0|0.0|1.413888888888889|0.0|0.7555555555555555|1.0888888888888888|1.113888888888889|0.0|0.20833333333333337
0001002211221010110000012|0.725|0.7583333333333333|1.0888888888888888|0.0|0.03888888888888886|0.675|0.0|0.0|0.0|0.0|0.0|0.0|0.0|1.1888888888888889|0.0|0.9833333333333333|0.0|0.0|1.088888888888889|2.019888888888889|0.7305555555555555|1.0638888888888889|1.038888888888889|0.0|0.0
0001002211201010100000012|0.75|0.7833333333333333|1.113888888888889|0.0|0.06388888888888877|0.7000000000000001|0.0|0.0|0.0|0.0|0.0|0.95|0.0|1.113888888888889|0.0|0.9249999999999999|0.0|1.0133055555555555|0.9638888888888888|1.663888888888889|0.7555555555555555|0.9833333333333333|0.9138888888888889|0.0|0.0
0001002211201010100000000|0.725|0.7583333333333333|1.0888888888888888|0.0|0.03888888888888886|0.675|0.0|0.0|0.0|0.0|0.0|0.9249999999999999|0.0|1.113888888888889|0.0|0.9|0.0|1.05|0.888888888888889|1.0833333333333333|0.7305555555555555|0.95|0.8388888888888889|1.0325|0.7333333333333333
0001002211001010000000000|0.7|0.7333333333333333|1.0638888888888889|0.0|0.01388888888888895|0.725|0.0|0.0|0.0|0.0|0.7833333333333333|0.9|0.0|1.088888888888889|0.0|0.775|0.9890555555555555|0.95|0.8638888888888888|1.0583333333333333|0.7|0.775|0.7833333333333333|0.775|0.7083333333333333
0001202010001010000000000|0.7|0.7333333333333333|0.9888888888888889|0.0|0.0|0.725|0.0|1.0555555555555556|0.0|1.9580555555555557|0.7833333333333333|0.95|0.0|1.1333333333333333|0.0|0.775|0.8555555555555556|0.9999999999999999|0.8638888888888888|0.8749999999999999|0.7|0.775|0.7833333333333333|0.775|0.7083333333333333
0000202012001010000000000|0.6749999999999999|0.7|0.788888888888889|2.895|0.0|0.7|0.0|0.9500000000000001|0.0|0.0|0.7583333333333333|0.9249999999999999|0.0|0.975|0.0|0.75|0.8305555555555555|0.975|0.8388888888888889|0.8|0.6749999999999999|0.75|0.7583333333333333|0.75|0.6833333333333333
0000200012001000000000000|0.725|0.8|0.8388888888888889|0.85|0.0|0.8|0.9138888888888889|1.05|0.0|0.0|0.8083333333333333|1.0250000000000001|0.0|1.05|0.9813888888888889|0.8|0.8805555555555555|1.0250000000000001|0.9138888888888889|0.8|0.725|0.8|0.8083333333333333|0.8|0.725
0000000002001000000000000|0.6749999999999999|0.75|0.7583333333333333|0.75|0.625|0.75|0.8305555555555555|0.975|0.9780555555555556|0.0|0.7583333333333333|0.975|0.0|0.975|0.7083333333333333|0.75|0.8305555555555555|0.975|0.8305555555555555|0.75|0.6749999999999999|0.75|0.7583333333333333|0.75|0.6749999999999999
2222012211111121012201120|0.0|0.0|0.0|0.0|4.430555555555556|0.0|0.0|0.0|0.0|0.0|0.0|0.0|0.0|0.0|0.0|0.0|-0.09444444444444444|0.0|0.0|0.0|-0.01666666666666672|0.0|0.0|0.0|4.778333333333333
0222012211011121012201120|0.7000000000000001|0.0|0.0|0.0|0.9555555555555556|0.0|0.0|0.0|0.0|0.0|0.9158333333333334|0.0|0.0|0.0|0.0|0.0|0.030555555555555558|0.0|0.0|0.0|0.10833333333333328|0.0|0.0|0.0|2.808333333333333
0202012211011121012201020|0.675|0.0|0.0|0.0|0.8805555555555556|0.0|0.0|0.0|0.0|0.0|0.08333333333333326|0.0|0.0|0.0|0.0|0.0|0.10555555555555551|0.0|0.0|0.0|-0.10000000000000009|0.0|0.9958333333333333|0.0|0.0
0202012201011101012201020|0.675|0.0|0.0|0.0|0.725|0.0|0.0|0.0|1.0030555555555556|0.0|0.13333333333333341|0.0|0.0|0.0|1.0083333333333333|0.0|0.15555555555555556|0.0|0.0|0.0|-0.10000000000000009|0.0|1.0083333333333333|0.0|0.0
0202012200011101012201000|0.65|0.0|0.0|0.0|0.6000000000000001|0.0|0.0|0.0|0.9805555555555555|0.9730555555555556|0.10833333333333328|0.0|0.0|0.0|0.9583333333333333|0.0|0.13055555555555542|0.0|0.0|0.0|-0.125|0.0|1.0333333333333334|0.7388888888888889|0.6000000000000001
0202012200001101010201000|0.675|0.0|0.0|0.0|0.625|0.0|0.0|0.0|1.0555555555555556|0.7555555555555556|0.8333333333333333|1.011388888888889|0.0|0.0|1.0333333333333334|0.0|1.2055555555555557|0.0|1.0055555555555555|0.0|-0.10000000000000009|0.0|1.1083333333333334|0.788888888888889|0.625
0002012200001100010221000|0.6749999999999999|0.6805555555555556|0.6083333333333334|0.0|0.5750000000000001|0.0|0.0|0.0|1.0055555555555555|0.7055555555555556|0.7583333333333333|1.0638888888888889|0.0|0.0|0.9833333333333333|1.929888888888889|1.0805555555555557|0.0|0.9555555555555556|0.0|0.0|0.0|1.0083333333333333|0.7388888888888889|0.5750000000000001
0000012200001100010220000|0.6749999999999999|0.6805555555555556|0.6833333333333333|0.7083333333333334|0.625|0.0|0.0|0.0|1.0805555555555557|0.7055555555555556|0.7583333333333333|1.0638888888888889|0.0|0.0|0.9833333333333333|0.6333333333333333|1.1055555555555556|0.0|0.9555555555555556|0.0|0.0|0.9655555555555556|1.0333333333333334|0.7388888888888889|0.5750000000000001
0000012000001000010220000|0.7|0.7055555555555556|0.7333333333333334|0.725|0.65|0.0|0.0|1.0333333333333334|0.8055555555555556|0.725|0.7833333333333333|1.0055555555555555|0.0|1.0080555555555555|0.6833333333333333|0.6583333333333333|1.0805555555555557|0.0|1.0305555555555554|0.0|0.0|0.6805555555555556|1.0083333333333333|0.7305555555555556|0.6000000000000001
0000012000001000000200000|0.7|0.7055555555555556|0.7333333333333334|0.725|0.65|0.0|0.0|0.9333333333333333|0.8055555555555556|0.725|0.7833333333333333|0.9305555555555556|0.0|0.9500000000000001|0.6833333333333333|0.7333333333333334|0.8055555555555556|0.995|0.7555555555555556|0.0|0.65|0.725|0.7333333333333334|0.725|0.6000000000000001
2221021211211002111100210|0.0|0.0|0.0|0.0|-0.09444444444444444|0.0|0.0|0.0|0.0|0.0|0.0|0.0|0.0|1.1388888888888888|1.1888888888888889|0.0|0.0|0.0|0.0|0.0|4.405555555555555|1.7638888888888888|0.0|0.0|0.9005555555555556
2221021211211002101100010|0.0|0.0|0.0|0.0|-0.019444444444444486|0.0|0.0|0.0|0.0|0.0|0.0|0.0|0.0|1.413888888888889|1.2638888888888888|0.0|0.0|1.021388888888889|0.0|0.0|4.480555555555555|1.0333333333333334|1.1638888888888888|0.0|0.08055555555555549
2220001211211002101100010|0.0|0.0|0.0|1.0005555555555556|0.9805555555555555|1.0055555555555555|0.0|0.0|0.0|0.0|0.0|0.0|0.0|1.4638888888888888|1.2638888888888888|0.0|0.0|1.2638888888888888|0.0|0.0|0.7805555555555557|1.0833333333333333|1.1638888888888888|0.0|0.08055555555555549
2220000211211000101100010|0.0|0.0|0.0|1.0055555555555555|0.9805555555555555|0.7805555555555557|1.0163888888888888|0.0|0.0|0.0|0.0|0.0|0.0|1.5138888888888888|1.2638888888888888|1.1305555555555555|0.0|1.3138888888888889|0.0|0.0|0.8055555555555556|1.1333333333333333|1.1638888888888888|0.0|0.08055555555555549
0220000211201000101100010|0.7000000000000001|0.0|0.0|0.9555555555555556|0.9305555555555555|0.775|0.8388888888888889|0.0|0.0|0.0|0.0|1.0025|0.0|1.3138888888888889|1.2138888888888888|0.9249999999999999|0.0|1.3138888888888889|0.0|0.0|0.7555555555555555|0.9833333333333333|1.113888888888889|0.0|0.030555555555555447
0220000211001000001100010|0.7250000000000001|0.0|0.0|0.9805555555555555|0.9555555555555556|0.85|0.8638888888888889|0.0|0.0|0.0|0.8583333333333334|1.0250000000000001|0.0|1.3388888888888888|1.238888888888889|0.85|1.020888888888889|1.2638888888888888|0.0|0.0|0.775|0.8583333333333334|1.1638888888888888|0.0|0.05555555555555558
0020000211001000001100002|0.725|0.75|0.0|0.9305555555555555|0.9055555555555556|0.8|0.888888888888889|0.0|0.0|0.0|0.8083333333333333|0.975|0.0|1.1555555555555554|1.088888888888889|0.8|0.9138888888888889|1.0833333333333333|0.0|0.0|0.725|0.8|0.8388888888888889|1.9615555555555557|0.0
0020000010001220001100002|0.6749999999999999|0.7|0.0|0.8|0.6805555555555556|0.75|0.8638888888888888|0.9|0.0|2.8983333333333334|0.7583333333333333|0.9249999999999999|0.0|0.0|0.0|0.75|0.8638888888888888|0.9333333333333333|0.0|0.0|0.6749999999999999|0.75|0.788888888888889|1.4305555555555554|0.0
0020000010001220001000000|0.7|0.725|0.0|0.825|0.7055555555555556|0.775|0.888888888888889|0.9249999999999999|0.0|0.825|0.7833333333333333|0.95|0.0|0.0|0.0|0.775|0.888888888888889|0.975|0.0|0.9825|0.7|0.775|0.8138888888888889|0.8749999999999999|0.7055555555555556
0020000010001200000000000|0.65|0.6749999999999999|0.0|0.775|0.6555555555555556|0.725|0.8388888888888889|0.875|0.0|0.8250000000000001|0.7333333333333334|0.9|0.0|0.0|0.7388888888888889|0.725|0.8055555555555556|0.9|0.9813888888888889|0.725|0.65|0.725|0.7333333333333334|0.725|0.65
0000000000001200000000000|0.65|0.725|0.7333333333333334|0.725|0.65|0.725|0.8055555555555556|0.9|0.9978055555555556|0.725|0.7333333333333334|0.9|0.0|0.0|0.7083333333333333|0.725|0.8055555555555556|0.9|0.7805555555555556|0.725|0.65|0.725|0.7333333333333334|0.725|0.65
2021022121211010211021101|0.0|1.2138888888888888|0.0|0.0|-0.16666666666666674|0.0|0.0|0.0|0.0|0.0|0.0|0.0|0.0|1.638888888888889|0.0|2.878888888888889|0.0|0.0|0.0|0.08333333333333326|0.0|0.0|0.0|-0.011111111111111183|0.0
2001022121211010201021101|0.0|0.7138888888888889|0.8833333333333333|0.0|-0.09166666666666667|0.0|0.0|0.0|0.0|0.0|0.0|0.0|0.0|1.7638888888888888|0.0|1.2055555555555557|0.0|1.0038888888888888|0.0|0.05833333333333324|0.0|0.0|0.0|0.008333333333333304|0.0
2001022101211010201020101|0.0|0.763888888888889|1.0333333333333332|0.0|0.05833333333333324|0.0|0.0|0.0|1.2138888888888888|0.0|0.0|0.0|0.0|1.2638888888888888|0.0|0.0|0.0|1.1888888888888889|0.0|0.15833333333333333|0.0|0.9833333333333333|0.0|0.07499999999999996|0.0
2001022001011010201020101|0.0|-0.09444444444444444|-0.23611111111111108|0.0|0.0|0.0|0.0|0.8933333333333333|-0.31666666666666665|0.0|-0.011111111111111127|0.0|0.0|-0.4|0.0|-0.04166666666666666|0.0|-0.20000000000000004|0.0|0.0|0.0|-0.15|0.0|0.0|0.0
2001002001011010201020021|0.0|0.6333333333333334|0.8583333333333334|0.0|-0.01666666666666672|0.6555555555555557|0.0|0.9638888888888889|1.0388888888888888|0.0|0.9333333333333333|0.0|0.0|1.1388888888888888|0.0|0.6555555555555557|0.0|1.0055555555555555|0.0|-0.01666666666666672|0.0|0.6583333333333333|1.933888888888889|0.0|0.0
2001202000011010201020001|0.0|0.6583333333333333|0.8333333333333334|0.0|0.0|0.6805555555555556|0.0|0.9555555555555556|0.913888888888889|1.9430555555555555|0.9583333333333333|0.0|0.0|1.1083333333333334|0.0|0.6805555555555556|0.0|1.0805555555555555|0.0|0.02499999999999991|0.0|0.6833333333333333|0.8138888888888889|0.9|0.0
0001202000001010201020001|0.6749999999999999|0.7083333333333333|0.8083333333333333|0.0|0.0|0.7|0.0|0.9305555555555556|0.8888888888888888|1.4055555555555554|0.7583333333333333|0.985|0.0|1.0833333333333333|0.0|0.625|0.0|1.0|0.0|0.0|0.0|0.625|0.788888888888889|0.875|0.0
0000200000001010201020001|0.6749999999999999|0.75|0.7583333333333333|0.97|0.0|0.75|0.8305555555555555|0.975|0.8388888888888889|0.8|0.7583333333333333|0.9249999999999999|0.0|1.0750000000000002|0.0|0.625|0.0|1.0|0.0|0.0|0.0|0.625|0.788888888888889|0.875|0.0
0000200000001010201200000|0.625|0.7000000000000001|0.7083333333333334|0.65|0.0|0.7000000000000001|0.7805555555555557|0.9249999999999999|0.7888888888888889|0.7|0.7083333333333334|0.875|0.0|0.9249999999999999|0.0|0.65|0.0|0.9|0.0|0.0|0.625|0.65|0.7388888888888889|0.7999999999999999|1.9213888888888888
0000200000001000001200000|0.6749999999999999|0.75|0.7583333333333333|0.7|0.0|0.75|0.8305555555555555|0.975|0.8638888888888888|0.7|0.7583333333333333|0.975|0.0|1.0|0.9763888888888889|0.75|0.8638888888888888|1.0|0.0|0.0|0.6749999999999999|0.75|0.788888888888889|0.85|0.6555555555555557
0000000000001000000200000|0.6749999999999999|0.75|0.7583333333333333|0.75|0.6749999999999999|0.75|0.8305555555555555|0.975|0.8305555555555555|0.75|0.7583333333333333|0.975|0.0|0.975|0.7083333333333333|0.75|0.8305555555555555|0.975|0.9780555555555556|0.0|0.6749999999999999|0.75|0.7583333333333333|0.75|0.625
0101011011011021122201202|0.3055555555555557|0.0|1.538888888888889|0.0|0.005555555555555536|0.0|0.0|1.4888888888888887|0.0|0.0|0.28888888888888886|0.0|0.0|1.051388888888889|0.0|0.0|0.0|0.0|0.0|0.0|0.3055555555555557|0.0|0.0|0.0|0.0
0121010211011001122201202|-0.09999999999999998|0.0|0.0|0.0|-0.09444444444444444|0.0|2.976638888888889|0.0|0.0|0.0|0.13888888888888895|0.0|0.0|1.2138888888888888|0.9638888888888888|0.0|0.0|0.0|0.0|0.0|0.005555555555555536|0.0|0.0|0.0|0.0
0101010201011001122201202|-0.050000000000000044|0.0|0.9083333333333332|0.0|-0.050000000000000044|0.0|1.2138888888888888|0.0|1.0068055555555555|0.0|0.13888888888888895|0.0|0.0|1.113888888888889|0.8583333333333333|0.0|0.0|0.0|0.0|0.0|0.005555555555555536|0.0|0.0|0.0|0.0
0101010201011001022201200|-0.07499999999999996|0.0|0.8833333333333333|0.0|-0.07499999999999996|0.0|1.0555555555555556|0.0|0.9555555555555556|0.0|0.10833333333333328|0.0|0.0|0.9888888888888889|0.8333333333333334|0.0|1.0093055555555555|0.0|0.0|0.0|-0.125|0.0|0.0|0.6833333333333333|0.65
0101010201001001022201000|-0.050000000000000044|0.0|0.9083333333333332|0.0|-0.050000000000000044|0.0|0.9805555555555555|0.0|0.9805555555555555|0.0|0.9333333333333333|1.044638888888889|0.0|0.9138888888888889|0.8583333333333333|0.0|0.9805555555555555|0.0|0.0|0.0|-0.050000000000000044|0.0|0.8833333333333333|0.7583333333333333|0.675
0101010201001001020220000|-0.10000000000000009|0.0|0.8583333333333334|0.0|-0.10000000000000009|0.0|0.9305555555555556|0.0|0.9305555555555556|0.0|0.8333333333333333|0.8888888888888888|0.0|0.913888888888889|0.8083333333333333|0.0|0.8555555555555556|0.0|0.7305555555555555|0.0|0.0|1.9305555555555556|0.7333333333333333|0.75|0.625
0101010001001000020220000|-0.050000000000000044|0.0|0.9333333333333333|0.0|-0.050000000000000044|0.0|1.0055555555555555|0.9888888888888889|1.0055555555555555|0.0|0.9083333333333332|1.0138888888888888|0.0|1.0138888888888888|0.8583333333333333|0.9758333333333333|0.8555555555555556|0.0|0.7805555555555556|0.0|0.0|0.75|0.7833333333333333|0.8|0.675
2001010001001000020020000|0.0|1.9556388888888887|0.9083333333333332|0.0|-0.050000000000000044|0.0|0.9305555555555555|0.9888888888888889|1.0055555555555555|0.0|0.8583333333333333|0.9805555555555555|0.0|1.0138888888888888|0.9083333333333332|0.7583333333333333|0.8555555555555556|0.0|0.8555555555555556|0.8083333333333333|0.0|0.75|0.7833333333333333|0.8|0.725
2001000001001000000020000|0.0|0.7833333333333333|0.9333333333333333|0.0|-0.025000000000000133|0.9775|0.9055555555555557|1.0888888888888888|1.0305555555555554|0.0|0.8333333333333334|1.05|0.0|1.0888888888888888|0.9333333333333333|0.775|0.9055555555555557|1.05|0.9055555555555557|0.8333333333333334|0.0|0.775|0.8333333333333334|0.8250000000000001|0.75
2000200001001000000000000|0.0|0.75|0.8083333333333333|1.9355555555555555|0.0|0.75|0.8805555555555555|1.0333333333333332|0.9305555555555555|0.0|0.8083333333333333|1.0250000000000001|0.0|1.0305555555555554|0.8583333333333333|0.8|0.8805555555555555|1.0250000000000001|0.8805555555555555|0.8083333333333333|0.725|0.8|0.8083333333333333|0.8|0.725
0000200000001000000000000|0.7|0.775|0.7833333333333333|0.725|0.0|0.775|0.8555555555555556|0.9999999999999999|0.8555555555555556|0.9725|0.7833333333333333|0.9999999999999999|0.0|0.9999999999999999|0.7833333333333333|0.775|0.8555555555555556|0.9999999999999999|0.8555555555555556|0.775|0.7|0.775|0.7833333333333333|0.775|0.7
0020002020222200121001111|0.55|0.5|0.0|0.5|0.55|0.5|0.0|0.0|0.0|0.575|0.0|0.0|0.0|0.0|0.638888888888889|1.0315555555555556|0.0|0.0|0.0|0.7055555555555556|0.7638888888888888|0.0|0.0|0.0|0.0
0020002020220200121001011|0.525|0.475|0.0|0.475|0.525|0.475|0.0|0.475|0.0|0.55|0.0|0.0|0.5305555555555556|0.0|0.6138888888888889|0.6805555555555556|0.0|0.0|0.0|0.6305555555555555|0.6555555555555556|0.0|1.095388888888889|0.0|0.0
1120012020020200121001010|0.0|0.0|0.0|-0.0916666666666667|-0.33611111111111114|0.0|0.0|0.0888888888888889|0.0|-0.06944444444444448|-1.6444444444444444|0.0|0.0888888888888889|0.0|-0.06944444444444448|-0.38611111111111107|0.0|0.0|0.0|-0.38611111111111107|-0.5249999999999999|0.0|-0.375|0.0|0.8877499999999999
0120012120021200101001010|0.818888888888889|0.0|0.0|-0.11666666666666667|-0.21111111111111117|0.0|0.0|0.0|0.0|-0.04444444444444445|-0.21944444444444444|0.0|0.0|0.0|-0.04444444444444445|-0.2944444444444444|0.0|-1.3444444444444443|0.0|-0.2944444444444444|-0.4|0.0|-0.4|0.0|-0.4
2100002120021200101001010|0.0|0.0|0.7833333333333333|0.7888888888888889|0.7|1.9313888888888888|0.0|0.0|0.0|0.7583333333333333|0.7888888888888889|0.0|0.0|0.0|0.7888888888888889|0.9555555555555556|0.0|1.113888888888889|0.0|0.9555555555555556|0.8805555555555556|0.0|1.0638888888888889|0.0|0.8805555555555556
0000002120021200101001010|0.6749999999999999|1.0|0.8333333333333334|0.7305555555555555|0.6749999999999999|0.7333333333333333|0.0|0.0|0.0|0.7333333333333333|0.7638888888888888|0.0|0.0|0.0|0.7638888888888888|0.9305555555555556|0.0|1.088888888888889|0.0|0.9305555555555556|0.8555555555555555|0.0|1.0388888888888888|0.0|0.8555555555555555
0000002120001200121001200|0.625|0.6805555555555556|0.7833333333333333|0.6805555555555556|0.625|0.6833333333333333|0.0|0.0|0.0|0.6833333333333333|0.7388888888888889|0.8888888888888888|0.0|0.0|0.7138888888888889|0.8305555555555556|0.0|0.0|0.0|0.75|0.7555555555555555|0.0|0.0|3.0|0.6305555555555555
0000000020001200121001200|0.6749999999999999|0.75|0.7583333333333333|0.7|0.6749999999999999|0.75|0.8638888888888888|1.0|0.0|0.7|0.788888888888889|0.9333333333333333|0.0|0.0|0.7638888888888888|0.8805555555555556|0.0|0.0|0.0|0.8|0.8055555555555556|0.0|0.0|1.9333333333333333|0.6805555555555556
0000000020001000121000200|0.6749999999999999|0.75|0.7583333333333333|0.7|0.6749999999999999|0.75|0.8638888888888888|0.8749999999999999|0.0|0.7|0.788888888888889|0.9500000000000001|0.0|0.9|0.788888888888889|0.85|0.0|0.0|0.0|0.85|0.6805555555555556|1.0|0.0|0.8|0.6805555555555556
0000000020001000120000000|0.625|0.7000000000000001|0.7083333333333334|0.65|0.625|0.7000000000000001|0.813888888888889|0.8250000000000001|0.0|0.65|0.7388888888888889|0.9|0.0|0.8250000000000001|0.7083333333333334|0.7999999999999999|0.0|0.0|1.0|0.7000000000000001|0.6305555555555555|0.7999999999999999|0.7138888888888889|0.7000000000000001|0.625
0000000000001000020000000|0.65|0.725|0.7333333333333334|0.725|0.65|0.725|0.8055555555555556|0.9|0.8055555555555556|0.725|0.7333333333333334|0.9|0.0|0.9|0.7333333333333334|0.725|1.0|0.0|0.7805555555555556|0.725|0.65|0.725|0.7083333333333333|0.725|0.65
0111002121021202221000210|1.0097222222222222|0.0|0.0|0.0|-0.19166666666666676|0.7388888888888889|0.0|0.0|0.0|0.0|0.6333333333333334|0.0|0.0|0.0|1.9388888888888889|0.0|0.0|0.0|0.0|0.8138888888888889|0.6000000000000001|0.6333333333333334|0.0|0.0|0.7305555555555555
0111002120021202021000210|0.6583333333333333|0.0|0.0|0.0|0.6583333333333333|0.6638888888888889|0.0|0.0|0.0|1.0|0.5583333333333333|0.0|0.0|0.0|0.6638888888888889|0.0|0.6138888888888889|0.0|0.0|0.7305555555555555|0.525|0.6333333333333333|0.0|0.0|0.6555555555555556
0101002120021202121011010|-0.3944444444444445|0.0|1.0|0.0|-0.3944444444444445|-0.13611111111111107|0.0|0.0|0.0|-0.1694444444444444|-0.19444444444444442|0.0|0.0|0.0|-0.1694444444444444|0.0|0.0|0.0|0.0|-0.33611111111111114|0.0|0.0|-1.8499999999999996|0.0|-0.47500000000000003
0101002120021200121001010|-0.34444444444444444|0.0|-1.3944444444444444|0.0|-0.34444444444444444|-0.11944444444444446|0.0|0.0|0.0|-0.11944444444444446|-0.11944444444444446|0.0|0.0|0.0|-0.11944444444444446|-0.2861111111111111|0.0|0.0|0.0|-0.2861111111111111|1.0|0.0|0.0|0.0|-0.425
0120002120021200101001010|0.7000000000000001|0.0|0.0|2.0|0.7|0.7888888888888889|0.0|0.0|0.0|0.7583333333333333|0.7888888888888889|0.0|0.0|0.0|0.7888888888888889|0.9555555555555556|0.0|1.0638888888888889|0.0|0.9555555555555556|0.8805555555555556|0.0|1.0638888888888889|0.0|0.8805555555555556
0111101210022200202201200|0.8138888888888889|0.0|0.0|0.0|0.0|1.1121305555555554|0.0|0.0|0.0|0.7555555555555555|0.6555555555555556|0.0|0.0|0.0|0.6138888888888889|0.6555555555555556|0.0|0.0|0.0|0.0|0.6|0.0|0.0|0.5833333333333334|0.55
0101101210020200202201200|0.7055555555555556|0.0|1.0943888888888889|0.0|0.0|0.7805555555555556|0.0|0.0|0.0|0.6805555555555556|0.6305555555555555|0.0|0.5805555555555556|0.0|0.5888888888888889|0.6305555555555555|0.0|0.5805555555555556|0.0|0.0|0.575|0.0|0.0|0.5583333333333333|0.525
0101101210020200202001210|-0.5249999999999999|0.0|-0.375|0.0|0.0|-0.38611111111111107|0.0|0.0|0.0|-0.4111111111111111|-0.11944444444444446|0.0|0.0888888888888889|0.0|-0.11944444444444446|-0.11944444444444446|0.0|0.03888888888888886|0.0|-0.11944444444444446|-0.8861111111111111|0.0|0.0|0.0|1.0427388888888889
0101001210021200212001010|-0.425|0.0|0.0|0.0|0.98575|-0.2861111111111111|0.0|0.0|0.0|-0.2861111111111111|-0.11944444444444446|0.0|0.0|0.0|-0.11944444444444446|-0.11944444444444446|0.0|0.0|0.0|-0.11944444444444446|-0.34444444444444444|0.0|-1.3944444444444444|0.0|-0.34444444444444444
0101001010021200212001200|0.8805555555555556|0.0|1.0638888888888889|0.0|0.8805555555555556|0.9555555555555556|0.0|1.0638888888888889|0.0|0.9555555555555556|0.7888888888888889|0.0|0.0|0.0|0.7888888888888889|0.7888888888888889|0.0|0.0|0.0|0.7583333333333333|0.7000000000000001|0.0|0.0|1.9931388888888888|0.7
0101001010021200212000000|0.8555555555555555|0.0|1.0388888888888888|0.0|0.8555555555555555|0.9305555555555556|0.0|1.088888888888889|0.0|0.9305555555555556|0.7638888888888888|0.0|0.0|0.0|0.7638888888888888|0.7333333333333333|0.0|0.0|0.0|0.7333333333333333|0.6749999999999999|0.9973055555555556|0.8333333333333334|0.7305555555555555|0.6749999999999999
0120001210001200212000000|0.7555555555555555|0.0|0.0|2.9888333333333335|0.6305555555555555|0.8305555555555556|0.0|0.0|0.0|0.75|0.7388888888888889|0.8888888888888888|0.0|0.0|0.7138888888888889|0.6833333333333333|0.0|0.0|0.0|0.6833333333333333|0.625|0.6805555555555556|0.7833333333333333|0.6805555555555556|0.625
0120001210001200002000000|0.8055555555555556|0.0|0.0|1.9333333333333333|0.6805555555555556|0.8805555555555556|0.0|0.0|0.0|0.8|0.788888888888889|0.9333333333333333|0.0|0.0|0.7638888888888888|0.75|0.8638888888888888|0.99825|0.0|0.7|0.6749999999999999|0.75|0.7583333333333333|0.7|0.6749999999999999
0020001210001000002000000|0.6805555555555556|0.998|0.0|0.8|0.6805555555555556|0.85|0.0|0.0|0.0|0.85|0.788888888888889|0.9500000000000001|0.0|0.9|0.788888888888889|0.75|0.8638888888888888|0.8749999999999999|0.0|0.7|0.6749999999999999|0.75|0.7583333333333333|0.7|0.6749999999999999
0000001200001000002000000|0.6305555555555555|0.7999999999999999|0.7138888888888889|0.7000000000000001|0.625|0.7999999999999999|0.0|0.0|0.9978888888888889|0.7000000000000001|0.7388888888888889|0.9|0.0|0.8250000000000001|0.7083333333333334|0.7000000000000001|0.813888888888889|0.8250000000000001|0.0|0.65|0.625|0.7000000000000001|0.7083333333333334|0.65|0.625
0000000200001000000000000|0.65|0.725|0.7083333333333333|0.725|0.65|0.725|0.9978055555555556|0.0|0.7805555555555556|0.725|0.7333333333333334|0.9|0.0|0.9|0.7333333333333334|0.725|0.8055555555555556|0.9|0.8055555555555556|0.725|0.65|0.725|0.7333333333333334|0.725|0.65
0000011221122021122010020|0.8138888888888889|0.8555555555555555|1.1101305555555556|0.6555555555555556|0.6|0.0|0.0|0.0|0.0|0.0|0.0|0.0|0.0|0.0|0.0|0.0|0.0|0.0|0.0|0.5833333333333334|0.0|0.7555555555555555|0.6138888888888889|0.0|0.55
0000011221020021122010020|0.7055555555555556|0.7805555555555556|0.6305555555555555|0.6305555555555555|0.575|0.0|0.0|0.0|0.0|0.0|1.0943888888888889|0.0|0.5805555555555556|0.5805555555555556|0.0|0.0|0.0|0.0|0.0|0.5583333333333333|0.0|0.6805555555555556|0.5888888888888889|0.0|0.525
0000011221020021122110000|-0.5249999999999999|-0.38611111111111107|-0.11944444444444446|-0.11944444444444446|-0.8861111111111111|0.0|0.0|0.0|0.0|0.0|-0.375|0.0|0.0888888888888889|0.03888888888888886|0.0|0.0|0.0|0.0|0.0|0.0|0.0|-0.4111111111111111|-0.11944444444444446|-0.11944444444444446|1.0427388888888889
0000011221021101122100000|-0.425|-0.2861111111111111|-0.11944444444444446|-0.11944444444444446|-0.34444444444444444|0.0|0.0|0.0|0.0|0.0|0.0|0.0|0.0|0.0|-1.3944444444444444|0.0|0.0|0.0|0.0|0.0|0.98575|-0.2861111111111111|-0.11944444444444446|-0.11944444444444446|-0.34444444444444444
0000011220001121122100000|0.8805555555555556|0.9555555555555556|0.7888888888888889|0.7583333333333333|0.7|0.0|0.0|0.0|0.0|1.9931388888888888|1.0638888888888889|1.0638888888888889|0.0|0.0|0.0|0.0|0.0|0.0|0.0|0.0|0.8805555555555556|0.9555555555555556|0.7888888888888889|0.7888888888888889|0.7000000000000001
0000011220001101122000000|0.8555555555555555|0.9305555555555556|0.7638888888888888|0.7333333333333333|0.6749999999999999|0.0|0.0|0.0|0.0|0.7305555555555555|1.0388888888888888|1.088888888888889|0.0|0.0|0.8333333333333334|0.0|0.0|0.0|0.0|0.9973055555555556|0.8555555555555555|0.9305555555555556|0.7638888888888888|0.7333333333333333|0.6749999999999999
0000011220221100102000000|0.7055555555555556|0.7805555555555556|0.7138888888888889|0.6833333333333333|0.625|0.0|0.0|0.0|0.0|0.6805555555555556|0.0|0.0|0.0|0.0|0.7833333333333333|2.9893333333333336|0.0|0.8555555555555555|0.0|0.6805555555555556|0.6305555555555555|0.7999999999999999|0.7388888888888889|0.6833333333333333|0.625
0000011220221000100000000|0.7555555555555555|0.8305555555555556|0.7638888888888888|0.7|0.6749999999999999|0.0|0.0|0.0|0.0|0.7|0.0|0.0|0.0|0.99825|0.7583333333333333|1.9833333333333334|0.0|0.9|0.8638888888888888|0.75|0.6805555555555556|0.85|0.788888888888889|0.75|0.6749999999999999
0000001020221000100000000|0.6805555555555556|0.85|0.788888888888889|0.7|0.6749999999999999|0.998|0.0|0.9|0.0|0.7|0.0|0.0|0.0|0.8749999999999999|0.7583333333333333|0.8|0.0|0.9500000000000001|0.8638888888888888|0.75|0.6805555555555556|0.85|0.788888888888889|0.75|0.6749999999999999
0000000020021000100000000|0.625|0.7000000000000001|0.7083333333333334|0.65|0.625|0.7000000000000001|0.9978888888888889|0.8250000000000001|0.0|0.65|0.7138888888888889|0.0|0.0|0.8250000000000001|0.7083333333333334|0.7999999999999999|0.0|0.9|0.813888888888889|0.7000000000000001|0.6305555555555555|0.7999999999999999|0.7388888888888889|0.7000000000000001|0.625
0000000000021000000000000|0.65|0.725|0.7333333333333334|0.725|0.65|0.725|0.7805555555555556|0.9|0.8055555555555556|0.725|0.7083333333333333|0.0|0.0|0.9|0.7333333333333334|0.725|0.9978055555555556|0.9|0.8055555555555556|0.725|0.65|0.725|0.7333333333333334|0.725|0.65
0102021222011221012010112|0.9055555555555556|0.0|0.9388888888888889|0.0|0.0|0.0|0.0|0.0|0.0|0.0|1.0388888888888888|0.0|0.0|0.0|0.0|0.0|1.0013888888888889|0.0|0.0|1.1888888888888889|0.0|1.006388888888889|0.0|0.0|0.0
0102001222011221012010102|1.1055555555555556|0.0|1.113888888888889|0.0|0.0|1.1888888888888889|0.0|0.0|0.0|0.0|1.238888888888889|0.0|0.0|0.0|0.0|0.0|1.1888888888888889|0.0|0.0|0.0|0.0|1.238888888888889|0.0|1.0008055555555555|0.0
0002001202011221012010102|0.6805555555555556|1.0008333333333332|0.688888888888889|0.0|0.0|1.113888888888889|0.0|0.0|0.0|0.0|1.1388888888888888|0.0|0.0|0.0|0.0|0.0|1.088888888888889|0.0|0.0|0.0|0.0|1.1388888888888888|0.0|0.9805555555555555|0.0
0002001210011221212002102|0.6555555555555556|0.9083333333333333|1.238888888888889|0.0|0.6305555555555556|0.9388888888888889|0.0|0.0|0.0|0.675|0.9138888888888889|0.0|0.0|0.0|0.0|0.0|0.0|0.0|0.0|0.0|2.9883333333333333|0.0|0.0|0.8055555555555556|0.0
0002001010011220212002102|0.6305555555555555|0.9833333333333333|0.6888888888888889|0.0|0.6055555555555556|0.9805555555555555|0.0|0.9638888888888888|0.0|0.7|1.0138888888888888|0.0|0.0|0.0|0.0|0.9971388888888889|0.0|0.0|0.0|0.0|0.6083333333333334|0.0|0.0|0.8805555555555555|0.0
0000001010011220212002002|0.6805555555555556|1.0333333333333334|0.763888888888889|0.85|0.6805555555555556|1.0305555555555554|0.0|1.0638888888888889|0.0|0.8|1.0638888888888889|0.0|0.0|0.0|0.0|0.7638888888888888|0.0|0.0|0.0|0.0|0.625|0.0|0.9998333333333334|0.6555555555555557|0.0
0000001010011220202000002|0.6805555555555556|1.0333333333333334|0.763888888888889|0.85|0.6805555555555556|1.0305555555555554|0.0|1.0305555555555554|0.0|0.8|1.0638888888888889|0.0|0.0|0.0|0.0|0.7305555555555555|0.0|1.0000555555555555|0.0|0.0|0.6749999999999999|0.7333333333333333|0.7583333333333333|0.625|0.0
0000001000011220002000002|0.6805555555555556|1.0833333333333335|0.788888888888889|0.75|0.6749999999999999|1.0805555555555557|0.0|1.0555555555555556|1.021488888888889|0.7|1.113888888888889|0.0|0.0|0.0|0.0|0.7555555555555556|1.1888888888888889|1.1055555555555556|0.0|0.0|0.6749999999999999|0.7583333333333333|0.7583333333333333|0.625|0.0
0000000000011020002000002|0.6749999999999999|0.7583333333333333|0.7583333333333333|0.75|0.6749999999999999|0.7555555555555556|1.0010555555555556|1.1055555555555556|0.8305555555555555|0.7|1.0333333333333334|0.0|0.0|0.9833333333333334|0.0|0.7555555555555556|1.1055555555555556|1.0555555555555556|0.0|0.0|0.6749999999999999|0.7583333333333333|0.7583333333333333|0.625|0.0
0000000000001020002100000|0.6749999999999999|0.75|0.7583333333333333|0.75|0.6749999999999999|0.75|0.8305555555555555|0.975|0.8305555555555555|0.7333333333333333|0.7583333333333333|0.99975|0.0|0.9055555555555556|0.0|0.75|0.8305555555555555|0.9583333333333333|0.0|0.0|0.6749999999999999|0.75|0.7583333333333333|0.7305555555555555|0.675
0000000000001000002000000|0.65|0.725|0.7333333333333334|0.725|0.65|0.725|0.8055555555555556|0.9500000000000001|0.8055555555555556|0.725|0.7333333333333334|0.9500000000000001|0.0|0.9|0.7333333333333334|0.725|0.8055555555555556|0.9|0.0|0.99675|0.65|0.725|0.7333333333333334|0.6749999999999999|0.65
0201022212221100210121101|0.0|0.0|0.9388888888888889|0.0|0.9055555555555556|0.0|0.0|0.0|0.0|0.0|0.0|0.0|0.0|0.0|1.0388888888888888|1.1888888888888889|0.0|0.0|1.0013888888888889|0.0|0.0|0.0|0.0|1.006388888888889|0.0
0201022210221100210120101|0.0|0.0|1.113888888888889|0.0|1.1055555555555556|0.0|0.0|0.0|0.0|1.1888888888888889|0.0|0.0|0.0|0.0|1.238888888888889|0.0|0.0|0.0|1.1888888888888889|0.0|0.0|1.0008055555555555|0.0|1.238888888888889|0.0
0200020210221100210120101|0.0|0.0|0.688888888888889|1.0008333333333332|0.6805555555555556|0.0|0.0|0.0|0.0|1.113888888888889|0.0|0.0|0.0|0.0|1.1388888888888888|0.0|0.0|0.0|1.088888888888889|0.0|0.0|0.9805555555555555|0.0|1.1388888888888888|0.0
0200001210221100212120120|0.6305555555555556|0.0|1.238888888888889|0.9083333333333333|0.6555555555555556|0.675|0.0|0.0|0.0|0.9388888888888889|0.0|0.0|0.0|0.0|0.9138888888888889|0.0|0.0|0.0|0.0|0.0|0.0|0.8055555555555556|0.0|0.0|2.9883333333333333
0200001010221100212020120|0.6055555555555556|0.0|0.6888888888888889|0.9833333333333333|0.6305555555555555|0.7|0.0|0.9638888888888888|0.0|0.9805555555555555|0.0|0.0|0.0|0.0|1.0138888888888888|0.0|0.0|0.0|0.0|0.9971388888888889|0.0|0.8805555555555555|0.0|0.0|0.6083333333333334
0000001010221100212020020|0.6805555555555556|0.85|0.763888888888889|1.0333333333333334|0.6805555555555556|0.8|0.0|1.0638888888888889|0.0|1.0305555555555554|0.0|0.0|0.0|0.0|1.0638888888888889|0.0|0.0|0.0|0.0|0.7638888888888888|0.0|0.6555555555555557|0.9998333333333334|0.0|0.625
0000001010221100202020000|0.6805555555555556|0.85|0.763888888888889|1.0333333333333334|0.6805555555555556|0.8|0.0|1.0305555555555554|0.0|1.0305555555555554|0.0|0.0|0.0|0.0|1.0638888888888889|0.0|0.0|1.0000555555555555|0.0|0.7305555555555555|0.0|0.625|0.7583333333333333|0.7333333333333333|0.6749999999999999
0000000010221100200020000|0.6749999999999999|0.75|0.788888888888889|1.0833333333333335|0.6805555555555556|0.7|1.021488888888889|1.0555555555555556|0.0|1.0805555555555557|0.0|0.0|0.0|0.0|1.113888888888889|0.0|0.0|1.1055555555555556|1.1888888888888889|0.7555555555555556|0.0|0.625|0.7583333333333333|0.7583333333333333|0.6749999999999999
0000000000201100200020000|0.6749999999999999|0.75|0.7583333333333333|0.7583333333333333|0.6749999999999999|0.7|0.8305555555555555|1.1055555555555556|1.0010555555555556|0.7555555555555556|0.0|0.9833333333333334|0.0|0.0|1.0333333333333334|0.0|0.0|1.0555555555555556|1.1055555555555556|0.7555555555555556|0.0|0.625|0.7583333333333333|0.7583333333333333|0.6749999999999999
0000000000201001200000000|0.6749999999999999|0.75|0.7583333333333333|0.75|0.6749999999999999|0.7333333333333333|0.8305555555555555|0.975|0.8305555555555555|0.75|0.0|0.9055555555555556|0.0|0.99975|0.7583333333333333|0.0|0.0|0.9583333333333333|0.8305555555555555|0.75|0.675|0.7305555555555555|0.7583333333333333|0.75|0.6749999999999999
0000000000001000200000000|0.65|0.725|0.7333333333333334|0.725|0.65|0.725|0.8055555555555556|0.9500000000000001|0.8055555555555556|0.725|0.7333333333333334|0.9|0.0|0.9500000000000001|0.7333333333333334|0.99675|0.0|0.9|0.8055555555555556|0.725|0.65|0.6749999999999999|0.7333333333333334|0.725|0.65
0012022101021102111100120|0.5833333333333334|1.0055555555555555|0.0|0.0|0.7083333333333333|0.0|0.0|0.0|1.0638888888888889|0.0|0.0|0.0|0.0|0.0|0.13888888888888895|0.0|0.0|0.0|0.0|0.0|0.638888888888889|0.9805555555555555|0.0|0.0|1.6888888888888889
0010022101021102110100120|0.6583333333333333|1.1805555555555554|0.0|1.2138888888888888|0.8083333333333333|0.0|0.0|0.0|1.1805555555555554|0.0|0.0|0.0|0.0|0.0|0.3583333333333333|0.0|0.0|0.0|1.018888888888889|0.0|0.7138888888888889|1.1055555555555556|0.0|0.0|0.7833333333333333
0010002101021102110100020|0.7083333333333333|1.1805555555555554|0.0|1.2138888888888888|0.8083333333333333|0.7583333333333333|0.0|0.0|1.1805555555555554|0.0|0.7388888888888889|0.0|0.0|0.0|0.3583333333333333|0.0|0.0|0.0|1.1888888888888889|0.0|0.6805555555555556|1.2055555555555557|1.018888888888889|0.0|0.75
0010002100021102110100000|0.7583333333333333|1.2305555555555556|0.0|1.288888888888889|0.7583333333333333|0.8083333333333333|0.0|0.0|1.2055555555555557|0.9951388888888888|0.788888888888889|0.0|0.0|0.0|1.2833333333333332|0.0|0.0|0.0|1.288888888888889|0.0|0.7305555555555556|1.2555555555555555|1.288888888888889|0.8388888888888889|0.85
0010002100021100010100000|0.7583333333333333|1.2305555555555556|0.0|1.288888888888889|0.7583333333333333|0.8083333333333333|0.0|0.0|1.2055555555555557|0.8638888888888889|0.8083333333333333|0.0|0.0|0.0|1.2833333333333332|0.8333333333333334|1.0340555555555555|0.0|1.2555555555555555|0.0|0.75|0.8305555555555556|1.2583333333333333|0.8388888888888889|0.85
0002200122021120010100000|0.7|0.7805555555555556|5.778333333333333|0.0|0.0|0.7833333333333333|1.1055555555555556|0.0|0.0|0.0|0.7583333333333333|0.0|0.0|0.0|0.0|0.7833333333333333|1.1055555555555556|0.0|1.0055555555555555|0.0|0.7|0.7805555555555556|1.0583333333333333|0.788888888888889|0.75
0002200022001120010100000|0.75|0.8250000000000001|0.7833333333333333|0.0|0.0|0.8250000000000001|0.9055555555555557|1.018888888888889|0.0|0.0|0.8333333333333334|1.2138888888888888|0.0|0.0|0.0|0.8333333333333334|1.1805555555555554|0.0|1.0555555555555554|0.0|0.75|0.8305555555555556|1.1083333333333334|0.8388888888888889|0.7999999999999999
0002200020001120010000000|0.6749999999999999|0.75|0.7083333333333333|0.0|0.0|0.75|0.8305555555555555|1.113888888888889|0.0|0.0|0.7583333333333333|1.1388888888888888|0.0|0.0|0.0|0.7583333333333333|1.1055555555555556|0.0|1.0055555555555555|0.9851388888888888|0.6749999999999999|0.7555555555555556|1.0333333333333334|0.788888888888889|0.6749999999999999
0002000021001020010000000|0.7|0.775|0.7333333333333333|0.0|0.0|0.775|0.8555555555555556|1.0833333333333333|0.0|0.0|0.7833333333333333|1.1305555555555555|0.0|1.0005555555555556|0.0|0.7833333333333333|1.1305555555555555|0.0|1.1305555555555555|0.7333333333333333|0.7|0.7805555555555556|1.0583333333333333|0.7805555555555556|0.7
0002000021001000000000000|0.7|0.775|0.7333333333333333|0.0|0.7000000000000001|0.775|0.8555555555555556|0.9833333333333333|0.0|0.0|0.7833333333333333|0.9999999999999999|0.0|0.9805555555555555|0.8333333333333334|0.775|0.8555555555555556|1.0034999999999998|0.8555555555555556|0.7833333333333333|0.7|0.775|0.7833333333333333|0.775|0.7
2110102101221102221202010|0.0|0.0|0.0|1.006388888888889|0.0|1.1888888888888889|0.0|0.0|1.0013888888888889|0.0|0.0|0.0|0.0|0.0|1.0388888888888888|0.0|0.0|0.0|0.0|0.0|0.0|0.0|0.9388888888888889|0.0|0.9055555555555556
2010102101221102221002010|0.0|1.0008055555555555|0.0|1.238888888888889|0.0|0.0|0.0|0.0|1.1888888888888889|0.0|0.0|0.0|0.0|0.0|1.238888888888889|0.0|0.0|0.0|0.0|1.1888888888888889|0.0|0.0|1.113888888888889|0.0|1.1055555555555556
2010102101221102021002000|0.0|0.9805555555555555|0.0|1.1388888888888888|0.0|0.0|0.0|0.0|1.088888888888889|0.0|0.0|0.0|0.0|0.0|1.1388888888888888|0.0|0.0|0.0|0.0|1.113888888888889|0.0|0.0|0.688888888888889|1.0008333333333332|0.6805555555555556
2012002121221100121002000|0.0|0.8055555555555556|0.0|0.0|2.9883333333333333|0.0|0.0|0.0|0.0|0.0|0.0|0.0|0.0|0.0|0.9138888888888889|0.675|0.0|0.0|0.0|0.9388888888888889|0.6305555555555556|0.0|1.238888888888889|0.9083333333333333|0.6555555555555556
2012002120221100101002000|0.0|0.8805555555555555|0.0|0.0|0.6083333333333334|0.0|0.0|0.0|0.0|0.9971388888888889|0.0|0.0|0.0|0.0|1.0138888888888888|0.7|0.0|0.9638888888888888|0.0|0.9805555555555555|0.6055555555555556|0.0|0.6888888888888889|0.9833333333333333|0.6305555555555555
2002002120221100101000000|0.0|0.6555555555555557|0.9998333333333334|0.0|0.625|0.0|0.0|0.0|0.0|0.7638888888888888|0.0|0.0|0.0|0.0|1.0638888888888889|0.8|0.0|1.0638888888888889|0.0|1.0305555555555554|0.6805555555555556|0.85|0.763888888888889|1.0333333333333334|0.6805555555555556
2000002020221100101000000|0.0|0.625|0.7583333333333333|0.7333333333333333|0.6749999999999999|0.0|0.0|1.0000555555555555|0.0|0.7305555555555555|0.0|0.0|0.0|0.0|1.0638888888888889|0.8|0.0|1.0305555555555554|0.0|1.0305555555555554|0.6805555555555556|0.85|0.763888888888889|1.0333333333333334|0.6805555555555556
2000002000221100001000000|0.0|0.625|0.7583333333333333|0.7583333333333333|0.6749999999999999|0.0|0.0|1.1055555555555556|1.1888888888888889|0.7555555555555556|0.0|0.0|0.0|0.0|1.113888888888889|0.7|1.021488888888889|1.0555555555555556|0.0|1.0805555555555557|0.6749999999999999|0.75|0.788888888888889|1.0833333333333335|0.6805555555555556
2000002000201100000000000|0.0|0.625|0.7583333333333333|0.7583333333333333|0.6749999999999999|0.0|0.0|1.0555555555555556|1.1055555555555556|0.7555555555555556|0.0|0.9833333333333334|0.0|0.0|1.0333333333333334|0.7|0.8305555555555555|1.1055555555555556|1.0010555555555556|0.7555555555555556|0.6749999999999999|0.75|0.7583333333333333|0.7583333333333333|0.6749999999999999
0000012000201000000000000|0.675|0.7305555555555555|0.7583333333333333|0.75|0.6749999999999999|0.0|0.0|0.9583333333333333|0.8305555555555555|0.75|0.0|0.9055555555555556|0.0|0.99975|0.7583333333333333|0.7333333333333333|0.8305555555555555|0.975|0.8305555555555555|0.75|0.6749999999999999|0.75|0.7583333333333333|0.75|0.6749999999999999
0000000000201000000000000|0.6749999999999999|0.75|0.7583333333333333|0.75|0.6749999999999999|0.997|0.8305555555555555|0.975|0.8305555555555555|0.75|0.0|0.9249999999999999|0.0|0.975|0.7583333333333333|0.7|0.8305555555555555|0.975|0.8305555555555555|0.75|0.6749999999999999|0.75|0.7583333333333333|0.75|0.6749999999999999
0122022210221002111011100|0.0|0.0|0.0|0.0|0.7055555555555556|0.0|0.0|0.0|0.0|0.9984999999999999|0.0|0.0|0.0|0.9805555555555555|0.8138888888888889|0.0|0.0|0.0|0.0|1.0333333333333332|0.0|0.0|0.0|0.9638888888888888|0.7638888888888888
0120022210221002111010100|0.0|0.0|0.0|0.9333333333333333|0.7805555555555556|0.0|0.0|0.0|0.0|0.9500000000000001|0.0|0.0|0.0|1.1805555555555554|0.8638888888888889|0.0|0.0|0.0|0.0|1.1833333333333333|0.0|0.9910555555555556|0.0|1.0805555555555557|0.8138888888888889
0120022210021002111002100|0.0|0.0|0.0|0.8583333333333333|0.7055555555555556|0.0|0.0|0.0|0.0|0.8749999999999999|0.0|0.0|0.0|1.0055555555555555|0.788888888888889|0.0|0.0|0.0|0.0|1.0083333333333333|1.992388888888889|0.0|0.0|0.9055555555555556|0.7388888888888889
0100022210021002101002100|0.75|0.0|0.8888888888888888|0.9333333333333333|0.7555555555555555|0.0|0.0|0.0|0.0|0.9249999999999999|0.0|0.0|0.0|1.05|0.8388888888888889|0.0|0.0|0.99025|0.0|0.975|0.0|0.0|0.0|0.95|0.7888888888888889
0000022210021002101010100|0.675|0.9975|0.8138888888888889|0.9|0.7305555555555555|0.0|0.0|0.0|0.0|0.9|0.0|0.0|0.0|1.025|0.8138888888888889|0.0|0.0|0.09999999999999998|0.0|0.95|0.0|-0.09999999999999998|0.0|0.975|0.7638888888888888
0000022200121000101010100|0.6833333333333333|0.725|0.7583333333333333|0.775|0.7|0.0|0.0|0.0|1.0255888888888889|0.775|0.0|0.0|0.0|0.975|0.8138888888888889|-0.125|0.0|0.1250000000000001|0.0|0.9249999999999999|0.0|-0.025000000000000022|0.0|0.9500000000000001|0.7388888888888889
0000022200101000121010000|0.6333333333333334|0.6749999999999999|0.7083333333333333|0.725|0.65|0.0|0.0|0.0|0.8138888888888889|0.725|0.0|0.7999999999999999|0.0|0.875|0.763888888888889|-0.125|0.0|0.0|0.0|0.8250000000000001|0.0|0.7999999999999999|2.0140638888888884|0.8250000000000001|0.6555555555555556
0000002200101000120010000|0.6083333333333333|0.625|0.6583333333333333|0.675|0.6|0.725|0.0|0.0|0.7305555555555556|0.675|0.0|0.7999999999999999|0.0|0.7999999999999999|0.6833333333333333|-0.125|0.0|0.0|0.9976388888888889|0.675|0.0|0.75|0.6888888888888889|0.675|0.6
0000002200101002100000000|0.6333333333333333|0.65|0.6833333333333333|0.7000000000000001|0.625|0.7|0.0|0.0|0.7555555555555556|0.7000000000000001|0.0|0.825|0.0|0.875|0.7083333333333334|0.0|0.0|0.9|0.813888888888889|0.7000000000000001|1.992138888888889|0.7999999999999999|0.7388888888888889|0.7000000000000001|0.625
0000002000001002100000000|0.625|0.65|0.7083333333333334|0.7000000000000001|0.625|0.65|0.0|0.875|0.7805555555555557|0.7000000000000001|0.9971388888888889|0.9|0.0|0.9249999999999999|0.7083333333333334|0.0|0.0|0.95|0.813888888888889|0.7000000000000001|0.6055555555555556|0.7999999999999999|0.7388888888888889|0.7000000000000001|0.625
0000000000001002000000000|0.6749999999999999|0.75|0.7583333333333333|0.75|0.6749999999999999|0.75|0.8305555555555555|0.975|0.8305555555555555|0.75|0.7083333333333333|0.975|0.0|0.975|0.7583333333333333|0.0|0.9978055555555556|0.975|0.8305555555555555|0.75|0.625|0.75|0.7583333333333333|0.75|0.6749999999999999
2101001011021102221002111|0.0|0.0|1.028888888888889|0.0|0.15555555555555556|1.5305555555555554|0.0|1.238888888888889|0.0|0.0|0.7388888888888889|0.0|0.0|0.0|1.1388888888888888|0.0|0.0|0.0|0.0|1.1388888888888888|0.0|0.0|0.0|0.0|0.0
0101001011021102221002101|0.9805555555555555|0.0|1.413888888888889|0.0|0.2305555555555555|1.0555555555555556|0.0|1.363888888888889|0.0|0.0|0.813888888888889|0.0|0.0|0.0|1.2138888888888888|0.0|0.0|0.0|0.0|1.3138888888888889|0.0|0.0|0.0|0.9308333333333333|0.0
0101001011021122221200120|0.8805555555555556|0.0|1.113888888888889|0.0|-0.06944444444444442|0.9555555555555556|0.0|1.0638888888888889|0.0|0.0|0.7138888888888889|0.0|0.0|0.0|0.0|0.0|0.0|0.0|0.0|0.0|0.6583333333333333|0.725|0.0|0.0|3.858388888888889
0021001211021122201200120|0.6305555555555555|2.8883333333333336|0.0|0.0|-0.19444444444444442|0.75|0.0|0.0|0.0|0.0|0.638888888888889|0.0|0.0|0.0|0.0|0.0|0.0|0.7805555555555556|0.0|0.0|0.5833333333333334|0.7|0.0|0.0|2.2638888888888893
0020001211021120201200120|0.6305555555555555|0.7|0.0|0.9863888888888889|0.8055555555555556|0.75|0.0|0.0|0.0|0.0|0.7138888888888889|0.0|0.0|0.0|0.0|0.65|0.0|0.7805555555555556|0.0|0.0|0.6333333333333333|0.7|0.0|0.0|2.2638888888888893
0000001201021120201200120|0.6305555555555555|0.75|0.7138888888888889|0.7388888888888889|0.6749999999999999|0.75|0.0|0.0|0.9888888888888889|0.0|0.7138888888888889|0.0|0.0|0.0|0.0|0.65|0.0|0.7305555555555555|0.0|0.0|0.6333333333333333|0.7|0.0|0.0|2.2638888888888893
0000000201001120201200120|0.575|0.65|0.6333333333333333|0.6888888888888889|0.625|0.65|0.9705555555555556|0.0|0.8888888888888888|0.0|0.6583333333333333|0.8583333333333333|0.0|0.0|0.0|0.6|0.0|0.7305555555555555|0.0|0.0|0.5833333333333334|0.65|0.0|0.0|2.213888888888889
0000000001001120201200020|0.625|0.7000000000000001|0.7083333333333334|0.7388888888888889|0.6749999999999999|0.7000000000000001|0.7805555555555557|1.0388888888888888|1.0138888888888888|0.0|0.7083333333333334|0.9583333333333333|0.0|0.0|0.0|0.65|0.0|0.8555555555555555|0.0|0.0|0.625|0.65|0.9713888888888889|0.0|1.6555555555555557
0000000001001120200200000|0.65|0.725|0.7333333333333334|0.763888888888889|0.7|0.725|0.8055555555555556|1.0638888888888889|1.0055555555555555|0.0|0.7333333333333334|0.9833333333333334|0.0|0.0|0.0|0.6749999999999999|0.0|0.9805555555555555|0.9980555555555556|0.0|0.65|0.6749999999999999|0.7333333333333334|0.7333333333333334|0.6000000000000001
0000000001001020200000000|0.65|0.725|0.7333333333333334|0.7305555555555556|0.7|0.725|0.8055555555555556|0.9583333333333333|0.8555555555555555|0.0|0.7333333333333334|0.9|0.0|0.9930555555555556|0.0|0.6749999999999999|0.0|0.9|0.8055555555555556|0.7083333333333333|0.65|0.6749999999999999|0.7333333333333334|0.725|0.65
2111022210200202022001020|0.0|0.0|0.0|0.0|0.6888888888888889|0.0|0.0|0.0|0.0|0.7305555555555555|0.0|0.6083333333333333|1.0331388888888888|0.0|0.6305555555555555|0.0|0.7|0.0|0.0|0.6|0.625|0.0|0.625|0.0|0.525
0111022210200202022000020|0.5833333333333333|0.0|0.0|0.0|0.6638888888888889|0.0|0.0|0.0|0.0|0.7055555555555556|0.0|0.5583333333333333|0.5388888888888889|0.0|0.5555555555555556|0.0|0.525|0.0|0.0|0.525|0.45|1.12375|0.45|0.0|0.45
0101022210211202102011120|0.625|0.0|0.9813888888888889|0.0|0.7555555555555555|0.0|0.0|0.0|0.0|0.8305555555555556|0.0|0.0|0.0|0.0|0.7138888888888889|0.0|0.0|0.0|0.0|0.65|0.0|0.0|0.0|0.0|0.6083333333333334
0001022210211202102011100|0.55|0.9633333333333334|0.8138888888888889|0.0|0.7305555555555555|0.0|0.0|0.0|0.0|0.8055555555555556|0.0|0.0|0.0|0.0|0.6888888888888889|0.0|0.0|0.6555555555555556|0.0|0.625|0.0|0.0|0.0|0.8083333333333333|0.6083333333333333
0000022210211002102011100|0.55|0.6583333333333333|0.6888888888888889|0.9775|0.6055555555555556|0.0|0.0|0.0|0.0|0.775|0.0|0.0|0.0|0.9583333333333333|0.7138888888888889|0.0|0.0|0.7055555555555556|0.0|0.625|0.0|0.0|0.0|0.8583333333333333|0.6083333333333333
0000002210201002102011100|0.6|0.625|0.6888888888888889|0.775|0.6055555555555556|0.55|0.0|0.0|0.0|0.775|0.0|0.9833333333333333|0.0|0.825|0.7138888888888889|0.0|0.0|0.8055555555555556|0.0|0.625|0.0|0.0|0.0|0.8083333333333333|0.6083333333333333
0000002210001002102010100|0.6|0.625|0.6888888888888889|0.775|0.6055555555555556|0.625|0.0|0.0|0.0|0.775|1.2638888888888886|0.825|0.0|0.825|0.7138888888888889|0.0|0.0|0.85|0.0|0.625|0.0|0.8825000000000001|0.0|0.725|0.6083333333333333
0000002200001000102010100|0.575|0.6|0.6333333333333333|0.65|0.575|0.6|0.0|0.0|0.9970555555555556|0.65|0.6888888888888889|0.85|0.0|0.775|0.6583333333333333|0.775|0.0|0.8749999999999999|0.0|0.6|0.0|-0.10000000000000009|0.0|0.7|0.5833333333333334
0000002200001000100002100|0.625|0.65|0.6833333333333333|0.7000000000000001|0.625|0.65|0.0|0.0|0.7555555555555556|0.7000000000000001|0.7388888888888889|0.85|0.0|0.875|0.7083333333333334|0.7999999999999999|0.0|0.8749999999999999|0.7888888888888889|0.7000000000000001|1.992138888888889|0.0|0.0|0.75|0.6333333333333333
0000002000001000100002000|0.625|0.65|0.7083333333333334|0.7000000000000001|0.625|0.65|0.0|0.875|0.7805555555555557|0.7000000000000001|0.7388888888888889|0.9|0.0|0.9249999999999999|0.7083333333333334|0.7999999999999999|0.0|0.95|0.813888888888889|0.7000000000000001|0.6055555555555556|0.0|0.9971388888888889|0.7000000000000001|0.625
0000000000001000000002000|0.6749999999999999|0.75|0.7583333333333333|0.75|0.6749999999999999|0.75|0.8305555555555555|0.975|0.8305555555555555|0.75|0.7583333333333333|0.975|0.0|0.975|0.7583333333333333|0.75|0.9978055555555556|0.975|0.8305555555555555|0.75|0.625|0.0|0.7083333333333333|0.75|0.6749999999999999
1110021110221002221001220|0.0|0.0|0.0|0.9638888888888888|0.7638888888888888|0.0|0.0|0.0|0.0|1.0333333333333332|0.0|0.0|0.0|0.9805555555555555|0.8138888888888889|0.0|0.0|0.0|0.0|0.985|0.0|0.0|0.0|0.0|0.7055555555555556
1010021110221002221001200|0.0|0.9105555555555556|0.0|1.0805555555555557|0.8138888888888889|0.0|0.0|0.0|0.0|1.1833333333333333|0.0|0.0|0.0|1.1805555555555554|0.8638888888888889|0.0|0.0|0.0|0.0|0.9500000000000001|0.0|0.0|0.0|0.9333333333333333|0.7805555555555556
0210021110021002221001200|1.923888888888889|0.0|0.0|0.9055555555555556|0.7388888888888889|0.0|0.0|0.0|0.0|1.0083333333333333|0.0|0.0|0.0|1.0055555555555555|0.788888888888889|0.0|0.0|0.0|0.0|0.8749999999999999|0.0|0.0|0.0|0.8583333333333333|0.7055555555555556
0210021010021002221001000|0.0|0.0|0.0|0.95|0.7888888888888889|0.0|0.0|0.9025|0.0|0.975|0.0|0.0|0.0|1.05|0.8388888888888889|0.0|0.0|0.0|0.0|0.9249999999999999|0.75|0.0|0.8888888888888888|0.9333333333333333|0.7555555555555555
1010021010021002221000000|0.0|-0.09999999999999998|0.0|0.975|0.7638888888888888|0.0|0.0|0.09999999999999998|0.0|0.95|0.0|0.0|0.0|1.025|0.8138888888888889|0.0|0.0|0.0|0.0|0.9|0.675|0.975|0.8138888888888889|0.9|0.7305555555555555
1010001010121002220000000|0.0|-0.025000000000000022|0.0|0.9500000000000001|0.7388888888888889|-0.125|0.0|0.1250000000000001|0.0|0.9249999999999999|0.0|0.0|0.0|0.975|0.8138888888888889|0.0|0.0|0.0|1.010888888888889|0.775|0.6833333333333333|0.725|0.7583333333333333|0.775|0.7
1000001210101002220000000|0.0|0.7999999999999999|1.9481388888888886|0.8250000000000001|0.6555555555555556|-0.125|0.0|0.0|0.0|0.8250000000000001|0.0|0.7999999999999999|0.0|0.875|0.763888888888889|0.0|0.0|0.0|0.8138888888888889|0.725|0.6333333333333334|0.6749999999999999|0.7083333333333333|0.725|0.65
1000001200101000220000000|0.0|0.75|0.6888888888888889|0.675|0.6|-0.125|0.0|0.0|0.9763888888888889|0.675|0.0|0.7999999999999999|0.0|0.7999999999999999|0.6833333333333333|0.725|0.0|0.0|0.7305555555555556|0.675|0.6083333333333333|0.625|0.6583333333333333|0.675|0.6
0000021000101000220000000|1.9213888888888888|0.7999999999999999|0.7388888888888889|0.7000000000000001|0.625|0.0|0.0|0.9|0.813888888888889|0.7000000000000001|0.0|0.825|0.0|0.875|0.7083333333333334|0.7|0.0|0.0|0.7555555555555556|0.7000000000000001|0.6333333333333333|0.65|0.6833333333333333|0.7000000000000001|0.625
0000021000001000200000000|0.6055555555555556|0.7999999999999999|0.7388888888888889|0.7000000000000001|0.625|0.0|0.0|0.95|0.813888888888889|0.7000000000000001|0.9713888888888889|0.9|0.0|0.9249999999999999|0.7083333333333334|0.65|0.0|0.875|0.7805555555555557|0.7000000000000001|0.625|0.65|0.7083333333333334|0.7000000000000001|0.625
0000020000001000000000000|0.625|0.75|0.7583333333333333|0.75|0.6749999999999999|0.0|0.9780555555555556|0.975|0.8305555555555555|0.75|0.7083333333333333|0.975|0.0|0.975|0.7583333333333333|0.75|0.8305555555555555|0.975|0.8305555555555555|0.75|0.6749999999999999|0.75|0.7583333333333333|0.75|0.6749999999999999
0210222211111121221220210|2.7083333333333335|0.0|0.0|1.3138888888888889|0.0|0.0|0.0|0.0|0.0|0.0|0.0|0.0|0.0|0.0|0.0|0.0|0.0|0.0|0.0|0.0|0.0|2.813888888888889|0.0|0.0|2.989055555555556
0000222211111121221220210|0.5333333333333333|0.6083333333333333|0.9963888888888889|1.3388888888888888|0.0|0.0|0.0|0.0|0.0|0.0|0.0|0.0|0.0|0.0|0.0|0.0|0.0|0.0|0.0|0.0|0.0|2.763888888888889|0.0|0.0|1.8555555555555556
0000022210111121221220210|0.5583333333333333|0.6333333333333333|0.6638888888888889|0.7833333333333333|0.5805555555555556|0.0|0.0|0.0|0.0|0.9975555555555555|0.0|0.0|0.0|0.0|0.0|0.0|0.0|0.0|0.0|0.0|0.0|2.7888888888888888|0.0|0.0|0.6805555555555556
0000002210111121221220200|0.5833333333333334|0.6333333333333333|0.6638888888888889|0.8333333333333333|0.5805555555555556|0.8388888888888889|0.0|0.0|0.0|0.8055555555555556|0.0|0.0|0.0|0.0|0.0|0.0|0.0|0.0|0.0|0.0|0.0|1.1138888888888887|0.0|0.9978333333333333|0.5555555555555556
0000002210111100221220200|0.6083333333333333|0.6583333333333333|0.6888888888888889|0.9583333333333333|0.6055555555555556|0.9305555555555555|0.0|0.0|0.0|0.9555555555555556|0.0|0.0|0.0|0.0|0.9388888888888889|0.9985555555555555|0.0|0.0|0.0|0.0|0.0|0.0|0.0|0.9083333333333332|0.5805555555555556
0000002210011100221020200|0.65|0.7083333333333333|0.7388888888888889|1.0083333333333333|0.6555555555555556|0.7055555555555556|0.0|0.0|0.0|1.0055555555555555|1.0000833333333334|0.0|0.0|0.0|1.0138888888888888|0.6305555555555556|0.0|0.0|0.0|1.0055555555555555|0.0|0.0|0.0|0.9583333333333333|0.6555555555555556
0000002010011100220020200|0.625|0.6833333333333333|0.7388888888888889|1.0333333333333334|0.6305555555555555|0.6805555555555556|0.0|0.9555555555555556|0.0|1.0305555555555554|1.0333333333333334|0.0|0.0|0.0|1.0638888888888889|0.6055555555555556|0.0|0.0|1.0011388888888888|0.7055555555555556|0.0|0.0|0.0|0.6583333333333333|0.625
0000000010001100220020200|0.6749999999999999|0.75|0.788888888888889|1.0833333333333335|0.6805555555555556|0.75|0.8638888888888888|1.0555555555555556|0.0|1.0805555555555557|0.7583333333333333|1.0280333333333334|0.0|0.0|1.113888888888889|0.625|0.0|0.0|1.1638888888888888|0.7555555555555556|0.0|0.0|0.0|0.7083333333333333|0.6749999999999999
0000000000001100200020200|0.6749999999999999|0.75|0.7583333333333333|0.7583333333333333|0.6749999999999999|0.75|0.8305555555555555|1.1055555555555556|1.0010555555555556|0.7555555555555556|0.7583333333333333|1.0583333333333333|0.0|0.0|1.0333333333333334|0.625|0.0|0.9805555555555555|1.1055555555555556|0.7555555555555556|0.0|0.0|0.0|0.7083333333333333|0.6749999999999999
0000000000001000200001200|0.6749999999999999|0.75|0.7583333333333333|0.75|0.6749999999999999|0.75|0.8305555555555555|0.975|0.8305555555555555|0.75|0.7583333333333333|0.9583333333333333|0.0|0.99975|0.7583333333333333|0.7305555555555555|0.0|0.9055555555555556|0.8305555555555555|0.75|0.675|0.0|0.0|0.7333333333333333|0.6749999999999999
0000000000001000000000200|0.6749999999999999|0.75|0.7583333333333333|0.75|0.6749999999999999|0.75|0.8305555555555555|0.975|0.8305555555555555|0.75|0.7583333333333333|0.975|0.0|0.975|0.7583333333333333|0.75|0.8305555555555555|0.9249999999999999|0.8305555555555555|0.75|0.6749999999999999|0.997|0.0|0.7|0.6749999999999999
0222112211221112101000000|0.0|0.0|0.0|0.0|0.0|0.0|0.0|0.0|0.0|0.0|0.0|0.0|0.0|0.0|0.0|0.0|0.0|0.9805555555555555|0.0|0.9638888888888888|0.7055555555555556|0.985|0.8138888888888889|1.0333333333333332|0.7638888888888888
0222112210221110101000000|0.0|0.0|0.0|0.0|0.0|0.0|0.0|0.0|0.0|0.9105555555555556|0.0|0.0|0.0|0.0|0.0|0.9333333333333333|0.0|1.1805555555555554|0.0|1.0805555555555557|0.7805555555555556|0.9500000000000001|0.8638888888888889|1.1833333333333333|0.8138888888888889
0202012212221110101000000|0.0|0.0|0.0|0.0|1.923888888888889|0.0|0.0|0.0|0.0|0.0|0.0|0.0|0.0|0.0|0.0|0.8583333333333333|0.0|1.0055555555555555|0.0|0.9055555555555556|0.7055555555555556|0.8749999999999999|0.788888888888889|1.0083333333333333|0.7388888888888889
0202012212021010101000000|0.75|0.0|0.0|0.0|0.0|0.0|0.0|0.0|0.0|0.0|0.8888888888888888|0.0|0.0|0.9025|0.0|0.9333333333333333|0.0|1.05|0.0|0.95|0.7555555555555555|0.9249999999999999|0.8388888888888889|0.975|0.7888888888888889
0202102210021010101000000|0.675|0.0|0.0|0.0|0.0|0.975|0.0|0.0|0.0|-0.09999999999999998|0.8138888888888889|0.0|0.0|0.09999999999999998|0.0|0.9|0.0|1.025|0.0|0.975|0.7305555555555555|0.9|0.8138888888888889|0.95|0.7638888888888888
0210102210021010001000000|0.6833333333333333|0.0|0.0|-0.125|0.0|0.725|0.0|0.0|0.0|-0.025000000000000022|0.7583333333333333|0.0|0.0|0.1250000000000001|0.0|0.775|1.010888888888889|0.975|0.0|0.9500000000000001|0.7|0.775|0.8138888888888889|0.9249999999999999|0.7388888888888889
0210102010021200001000000|0.6333333333333334|0.0|0.0|-0.125|0.0|0.6749999999999999|0.0|0.7999999999999999|0.0|0.7999999999999999|0.7083333333333333|0.0|0.0|0.0|1.9481388888888886|0.725|0.8138888888888889|0.875|0.0|0.8250000000000001|0.65|0.725|0.763888888888889|0.8250000000000001|0.6555555555555556
0010102010021200000000000|0.6083333333333333|0.725|0.0|-0.125|0.0|0.625|0.0|0.7999999999999999|0.0|0.75|0.6583333333333333|0.0|0.0|0.0|0.6888888888888889|0.675|0.7305555555555556|0.7999999999999999|0.9763888888888889|0.675|0.6|0.675|0.6833333333333333|0.675|0.6
0012002010021000000000000|0.6333333333333333|0.7|0.0|0.0|1.9213888888888888|0.65|0.0|0.825|0.0|0.7999999999999999|0.6833333333333333|0.0|0.0|0.9|0.7388888888888889|0.7000000000000001|0.7555555555555556|0.875|0.813888888888889|0.7000000000000001|0.625|0.7000000000000001|0.7083333333333334|0.7000000000000001|0.625
0002002010001000000000000|0.625|0.65|0.9713888888888889|0.0|0.6055555555555556|0.65|0.0|0.9|0.0|0.7999999999999999|0.7083333333333334|0.875|0.0|0.95|0.7388888888888889|0.7000000000000001|0.7805555555555557|0.9249999999999999|0.813888888888889|0.7000000000000001|0.625|0.7000000000000001|0.7083333333333334|0.7000000000000001|0.625
0002000000001000000000000|0.6749999999999999|0.75|0.7083333333333333|0.0|0.625|0.75|0.8305555555555555|0.975|0.9780555555555556|0.75|0.7583333333333333|0.975|0.0|0.975|0.7583333333333333|0.75|0.8305555555555555|0.975|0.8305555555555555|0.75|0.6749999999999999|0.75|0.7583333333333333|0.75|0.6749999999999999
1001001111111222221002212|0.0|1.1388888888888888|1.038888888888889|0.0|0.05555555555555558|0.13888888888888895|0.0|0.0|0.0|0.0|0.0|0.0|0.0|0.0|0.0|0.0|0.0|0.0|0.0|3.985388888888889|3.3583333333333334|0.0|0.0|0.0|0.0
1001001111101222221002012|0.0|1.1888888888888889|1.088888888888889|0.0|0.10555555555555551|0.23333333333333328|0.0|0.0|0.0|0.0|0.0|1.0008055555555555|0.0|0.0|0.0|0.0|0.0|0.0|0.0|2.5888888888888886|0.0|0.0|0.8138888888888889|0.0|0.0
0221021111101222221002010|3.9828888888888887|0.0|0.0|0.0|-0.1694444444444445|0.0|0.0|0.0|0.0|0.0|0.0|0.7555555555555555|0.0|0.0|0.0|0.0|0.0|0.0|0.0|1.988888888888889|0.0|0.0|0.7888888888888889|0.0|0.7805555555555556
0221021111101220221002000|2.2638888888888893|0.0|0.0|0.0|-0.19444444444444442|0.0|0.0|0.0|0.0|0.0|0.0|0.7805555555555556|0.0|0.0|0.0|0.7|0.0|0.0|0.0|1.8833333333333333|0.5833333333333334|0.0|0.638888888888889|0.9975|0.6305555555555555
0221021110101220221000000|2.2638888888888893|0.0|0.0|0.0|0.8055555555555556|0.0|0.0|0.0|0.0|0.9986388888888889|0.0|0.7805555555555556|0.0|0.0|0.0|0.7|0.0|0.0|0.0|0.7|0.6333333333333333|0.65|0.7138888888888889|0.75|0.6305555555555555
0221021100101200221000000|2.2638888888888893|0.0|0.0|0.0|0.6749999999999999|0.0|0.0|0.0|0.9988888888888889|0.7388888888888889|0.0|0.7305555555555555|0.0|0.0|0.7138888888888889|0.7|0.0|0.0|0.0|0.75|0.6333333333333333|0.65|0.7138888888888889|0.75|0.6305555555555555
0221021100101200200000000|2.213888888888889|0.0|0.0|0.0|0.625|0.0|0.0|0.0|0.8888888888888888|0.6888888888888889|0.0|0.7305555555555555|0.0|0.0|0.6333333333333333|0.65|0.0|0.8583333333333333|0.9970555555555556|0.65|0.5833333333333334|0.6|0.6583333333333333|0.65|0.575
0221021100001000200000000|1.6555555555555557|0.0|0.0|0.0|0.6749999999999999|0.0|0.0|0.0|1.0138888888888888|0.7388888888888889|0.9971388888888889|0.8555555555555555|0.0|1.0388888888888888|0.7083333333333334|0.65|0.0|0.9583333333333333|0.7805555555555557|0.7000000000000001|0.625|0.65|0.7083333333333334|0.7000000000000001|0.625
0221000100001000200000000|0.6000000000000001|0.0|0.0|0.0|0.7|0.7333333333333334|0.9998055555555556|0.0|1.0055555555555555|0.763888888888889|0.7333333333333334|0.9805555555555555|0.0|1.0638888888888889|0.7333333333333334|0.6749999999999999|0.0|0.9833333333333334|0.8055555555555556|0.725|0.65|0.6749999999999999|0.7333333333333334|0.725|0.65
0021000000001000200000000|0.65|0.7083333333333333|0.0|0.0|0.7|0.725|0.8055555555555556|0.9993055555555556|0.8555555555555555|0.7305555555555556|0.7333333333333334|0.9|0.0|0.9583333333333333|0.7333333333333334|0.6749999999999999|0.0|0.9|0.8055555555555556|0.725|0.65|0.6749999999999999|0.7333333333333334|0.725|0.65
0020000000001000000000000|0.6749999999999999|0.7|0.0|0.997|0.6749999999999999|0.75|0.8305555555555555|0.9249999999999999|0.8305555555555555|0.75|0.7583333333333333|0.975|0.0|0.975|0.7583333333333333|0.75|0.8305555555555555|0.975|0.8305555555555555|0.75|0.6749999999999999|0.75|0.7583333333333333|0.75|0.6749999999999999
0102020220200202221021110|0.625|0.0|0.625|0.0|0.525|0.0|0.7|0.0|0.0|0.6|0.0|0.6083333333333333|1.0331388888888888|0.0|0.6305555555555555|0.0|0.0|0.0|0.0|0.7305555555555555|0.0|0.0|0.0|0.0|0.6888888888888889
0002020220200202221001110|0.45|1.12375|0.45|0.0|0.45|0.0|0.525|0.0|0.0|0.525|0.0|0.5583333333333333|0.5388888888888889|0.0|0.5555555555555556|0.0|0.0|0.0|0.0|0.7055555555555556|0.5833333333333333|0.0|0.0|0.0|0.6638888888888889
1110021220211202221001010|0.0|0.0|0.0|0.7083333333333334|0.6583333333333333|0.0|0.0|0.0|0.0|0.6749999999999999|0.0|0.0|0.0|0.0|0.7388888888888889|0.0|0.0|0.0|0.0|0.8555555555555555|0.65|0.0|0.9838888888888889|0.0|0.7805555555555556
1110021020211202221000010|0.0|0.0|0.0|0.8083333333333333|0.6083333333333333|0.0|0.0|0.6555555555555556|0.0|0.625|0.0|0.0|0.0|0.0|0.6888888888888889|0.0|0.0|0.0|0.0|0.8055555555555556|0.55|0.9633333333333334|0.8138888888888889|0.0|0.7305555555555555
1110021020211002221000000|0.0|0.0|0.0|0.8583333333333333|0.6083333333333333|0.0|0.0|0.7055555555555556|0.0|0.625|0.0|0.0|0.0|0.9583333333333333|0.7138888888888889|0.0|0.0|0.0|0.0|0.775|0.55|0.6583333333333333|0.6888888888888889|0.9775|0.6055555555555556
1110021020201000221000000|0.0|0.0|0.0|0.8083333333333333|0.6083333333333333|0.0|0.0|0.8055555555555556|0.0|0.625|0.0|0.9833333333333333|0.0|0.825|0.7138888888888889|0.55|0.0|0.0|0.0|0.775|0.6|0.625|0.6888888888888889|0.775|0.6055555555555556
1010021020001000221000000|0.0|0.8825000000000001|0.0|0.725|0.6083333333333333|0.0|0.0|0.85|0.0|0.625|1.2638888888888886|0.825|0.0|0.825|0.7138888888888889|0.625|0.0|0.0|0.0|0.775|0.6|0.625|0.6888888888888889|0.775|0.6055555555555556
1010001020001000220000000|0.0|-0.10000000000000009|0.0|0.7|0.5833333333333334|0.775|0.0|0.8749999999999999|0.0|0.6|0.6888888888888889|0.85|0.0|0.775|0.6583333333333333|0.6|0.0|0.0|0.9705555555555556|0.65|0.575|0.6|0.6333333333333333|0.65|0.575
0210001000001000220000000|1.9213888888888888|0.0|0.0|0.75|0.6333333333333333|0.7999999999999999|0.0|0.8749999999999999|0.7888888888888889|0.7000000000000001|0.7388888888888889|0.85|0.0|0.875|0.7083333333333334|0.65|0.0|0.0|0.7555555555555556|0.7000000000000001|0.625|0.65|0.6833333333333333|0.7000000000000001|0.625
0200001000001000200000000|0.6055555555555556|0.0|0.9713888888888889|0.7000000000000001|0.625|0.7999999999999999|0.0|0.95|0.813888888888889|0.7000000000000001|0.7388888888888889|0.9|0.0|0.9249999999999999|0.7083333333333334|0.65|0.0|0.875|0.7805555555555557|0.7000000000000001|0.625|0.65|0.7083333333333334|0.7000000000000001|0.625
0200000000001000000000000|0.625|0.0|0.7083333333333333|0.75|0.6749999999999999|0.75|0.9780555555555556|0.975|0.8305555555555555|0.75|0.7583333333333333|0.975|0.0|0.975|0.7583333333333333|0.75|0.8305555555555555|0.975|0.8305555555555555|0.75|0.6749999999999999|0.75|0.7583333333333333|0.75|0.6749999999999999
0200102211202211221100000|0.55|0.0|0.6138888888888889|0.7555555555555555|0.0|0.5833333333333334|0.0|0.0|0.0|0.0|0.0|0.0|0.0|0.0|0.0|0.0|0.0|0.0|0.0|0.0|0.6|0.6555555555555556|1.0688055555555556|0.8555555555555555|0.8138888888888889
0200102211200201221100000|0.525|0.0|0.5888888888888889|0.6805555555555556|0.0|0.5583333333333333|0.0|0.0|0.0|0.0|0.0|0.5805555555555556|0.5805555555555556|0.0|1.0688888888888888|0.0|0.0|0.0|0.0|0.0|0.575|0.6305555555555555|0.6305555555555555|0.7805555555555556|0.7055555555555556
0000112211200201221100000|0.8673888888888889|-0.11944444444444446|-0.11944444444444446|-0.4111111111111111|0.0|0.0|0.0|0.0|0.0|0.0|0.0|0.03888888888888886|0.0888888888888889|0.0|-0.375|0.0|0.0|0.0|0.0|0.0|-0.8861111111111111|-0.11944444444444446|-0.11944444444444446|-0.38611111111111107|-0.5249999999999999
0000012211011201221100000|-0.34444444444444444|-0.11944444444444446|-0.11944444444444446|-0.2861111111111111|0.8575|0.0|0.0|0.0|0.0|0.0|-1.3944444444444444|0.0|0.0|0.0|0.0|0.0|0.0|0.0|0.0|0.0|-0.34444444444444444|-0.11944444444444446|-0.11944444444444446|-0.2861111111111111|-0.425
0000012211211000221100000|0.7000000000000001|0.7888888888888889|0.7888888888888889|0.9555555555555556|0.8805555555555556|0.0|0.0|0.0|0.0|0.0|0.0|0.0|0.0|1.0638888888888889|1.0638888888888889|1.9313888888888888|0.0|0.0|0.0|0.0|0.7|0.7583333333333333|0.7888888888888889|0.9555555555555556|0.8805555555555556
0000002211011000221100000|0.6749999999999999|0.7333333333333333|0.7638888888888888|0.9305555555555556|0.8555555555555555|0.9730555555555556|0.0|0.0|0.0|0.0|0.8333333333333334|0.0|0.0|1.088888888888889|1.0388888888888888|0.7305555555555555|0.0|0.0|0.0|0.0|0.6749999999999999|0.7333333333333333|0.7638888888888888|0.9305555555555556|0.8555555555555555
0000002011011220221000000|0.625|0.6833333333333333|0.7388888888888889|0.8305555555555556|0.7555555555555555|0.6805555555555556|0.0|0.8888888888888888|0.0|0.0|0.7833333333333333|0.0|0.0|0.0|0.0|0.6805555555555556|0.0|0.0|0.0|2.8883333333333336|0.625|0.6833333333333333|0.7138888888888889|0.75|0.6305555555555555
0000000011001220221000000|0.6749999999999999|0.75|0.788888888888889|0.8805555555555556|0.8055555555555556|0.75|0.8638888888888888|0.9333333333333333|0.0|0.0|0.7583333333333333|0.9825|0.0|0.0|0.0|0.7|0.0|0.0|0.0|1.9333333333333333|0.6749999999999999|0.7|0.7638888888888888|0.8|0.6805555555555556
0000000010001220201000000|0.6749999999999999|0.75|0.788888888888889|0.85|0.6805555555555556|0.75|0.8638888888888888|0.9500000000000001|0.0|0.98|0.7583333333333333|0.8749999999999999|0.0|0.0|0.0|0.7|0.0|0.9|0.0|0.8|0.6749999999999999|0.7|0.788888888888889|0.85|0.6805555555555556
0000000010001200200000000|0.625|0.7000000000000001|0.7388888888888889|0.7999999999999999|0.6305555555555555|0.7000000000000001|0.813888888888889|0.9|0.0|0.7999999999999999|0.7083333333333334|0.8250000000000001|0.0|0.0|0.7138888888888889|0.65|0.0|0.8250000000000001|0.9788888888888889|0.7000000000000001|0.625|0.65|0.7083333333333334|0.7000000000000001|0.625
0111201222020020220202010|0.6888888888888889|0.0|0.0|0.0|0.0|0.7305555555555555|0.0|0.0|0.0|0.0|0.6305555555555555|0.0|1.0331388888888888|0.6083333333333333|0.0|0.6|0.0|0.0|0.7|0.0|0.525|0.0|0.625|0.0|0.625
0111001222020020220202000|0.6638888888888889|0.0|0.0|0.0|0.5833333333333333|0.7055555555555556|0.0|0.0|0.0|0.0|0.5555555555555556|0.0|0.5388888888888889|0.5583333333333333|0.0|0.525|0.0|0.0|0.525|0.0|0.45|0.0|0.45|1.12375|0.45
0101001222021120221200111|0.7805555555555556|0.0|0.9838888888888889|0.0|0.65|0.8555555555555555|0.0|0.0|0.0|0.0|0.7388888888888889|0.0|0.0|0.0|0.0|0.6749999999999999|0.0|0.0|0.0|0.0|0.6583333333333333|0.7083333333333334|0.0|0.0|0.0
0100001222021120201200111|0.7305555555555555|0.0|0.8138888888888889|0.9633333333333334|0.55|0.8055555555555556|0.0|0.0|0.0|0.0|0.6888888888888889|0.0|0.0|0.0|0.0|0.625|0.0|0.6555555555555556|0.0|0.0|0.6083333333333333|0.8083333333333333|0.0|0.0|0.0
0000001222001120201200111|0.6055555555555556|0.9775|0.6888888888888889|0.6583333333333333|0.55|0.775|0.0|0.0|0.0|0.0|0.7138888888888889|0.9583333333333333|0.0|0.0|0.0|0.625|0.0|0.7055555555555556|0.0|0.0|0.6083333333333333|0.8583333333333333|0.0|0.0|0.0
0000001220001020201200111|0.6055555555555556|0.775|0.6888888888888889|0.625|0.6|0.775|0.0|0.0|0.0|0.55|0.7138888888888889|0.825|0.0|0.9833333333333333|0.0|0.625|0.0|0.8055555555555556|0.0|0.0|0.6083333333333333|0.8083333333333333|0.0|0.0|0.0
0000001220001000201200101|0.6055555555555556|0.775|0.6888888888888889|0.625|0.6|0.775|0.0|0.0|0.0|0.625|0.7138888888888889|0.825|0.0|0.825|1.2638888888888886|0.625|0.0|0.85|0.0|0.0|0.6083333333333333|0.725|0.0|0.8825000000000001|0.0
0000000220001000201000101|0.575|0.65|0.6333333333333333|0.6|0.575|0.65|0.9705555555555556|0.0|0.0|0.6|0.6583333333333333|0.775|0.0|0.85|0.6888888888888889|0.6|0.0|0.8749999999999999|0.0|0.775|0.5833333333333334|0.7|0.0|-0.10000000000000009|0.0
0000000220001000001000120|0.625|0.7000000000000001|0.6833333333333333|0.65|0.625|0.7000000000000001|0.7555555555555556|0.0|0.0|0.65|0.7083333333333334|0.875|0.0|0.85|0.7388888888888889|0.7000000000000001|0.7888888888888889|0.8749999999999999|0.0|0.7999999999999999|0.6333333333333333|0.75|0.0|0.0|1.9213888888888888
0000000020001000001000020|0.625|0.7000000000000001|0.7083333333333334|0.65|0.625|0.7000000000000001|0.7805555555555557|0.875|0.0|0.65|0.7083333333333334|0.9249999999999999|0.0|0.9|0.7388888888888889|0.7000000000000001|0.813888888888889|0.95|0.0|0.7999999999999999|0.625|0.7000000000000001|0.9713888888888889|0.0|0.6055555555555556
2012002222221210112111110|0.0|0.0|0.0|0.0|0.0|0.0|0.0|0.0|0.0|0.0|0.0|0.0|0.0|0.0|0.0|0.7138888888888889|0.0|0.0|0.0|0.0|0.0|0.0|0.0|0.0|0.8783333333333334
2012002202221210102111110|0.0|0.0|0.0|0.0|0.0|0.0|0.0|0.0|0.0|0.0|0.0|0.0|0.0|0.0|0.0|0.7555555555555555|0.0|0.9788888888888889|0.0|0.0|0.0|0.0|0.0|0.0|-0.14166666666666672
0012002202221200102111110|0.6083333333333333|0.625|0.0|0.0|0.0|0.55|0.0|0.0|0.0|0.0|0.0|0.0|0.0|0.0|0.9633333333333334|0.7555555555555555|0.0|0.7888888888888889|0.0|0.0|0.0|0.0|0.0|0.0|-0.09166666666666667
0012002202201200102111100|0.6083333333333333|0.625|0.0|0.0|0.0|0.55|0.0|0.0|0.0|0.0|0.0|0.8833333333333333|0.0|0.0|0.6333333333333333|0.8055555555555556|0.0|0.8888888888888888|0.0|0.0|0.0|0.0|0.0|0.9938888888888889|0.6583333333333333
0010002212201200102011100|0.5833333333333334|0.65|0.0|0.625|0.5888888888888889|0.525|0.0|0.0|0.0|0.0|0.0|0.8583333333333333|0.0|0.0|0.6138888888888889|0.7805555555555556|0.0|0.8305555555555556|0.0|0.96|0.0|0.0|0.0|0.8833333333333333|0.5833333333333334
0000002210201200102011100|0.575|0.6|0.9663888888888889|0.7|0.5805555555555556|0.525|0.0|0.0|0.0|0.7|0.0|0.8583333333333333|0.0|0.0|0.6638888888888889|0.7805555555555556|0.0|0.8305555555555556|0.0|0.6|0.0|0.0|0.0|0.8833333333333333|0.5833333333333334
0000002210001200102010100|0.625|0.65|0.7138888888888889|0.75|0.6305555555555555|0.65|0.0|0.0|0.0|0.75|0.7388888888888889|0.85|0.0|0.0|0.7138888888888889|0.825|0.0|0.8749999999999999|0.0|0.65|0.0|0.895|0.0|0.75|0.6333333333333333
