0211002101021002111100221|0.6333333333333334|0.0|0.0|0.0|0.10833333333333328|0.7083333333333333|0.0|0.0|1.0638888888888889|0.0|0.688888888888889|0.0|0.0|1.0138888888888888|1.113888888888889|0.0|0.0|0.0|0.0|0.0|0.6305555555555556|3.0|0.0|0.0|0.0
0211002101021000111000221|0.7083333333333334|0.0|0.0|0.0|0.23333333333333328|0.7833333333333333|0.0|0.0|1.1888888888888889|0.0|0.8138888888888889|0.0|0.0|1.1388888888888888|0.9388888888888889|1.1833333333333333|0.0|0.0|0.0|1.0|0.7305555555555555|2.3555555555555556|0.0|0.0|0.0
0011002121021220111200220|0.6333333333333333|0.8888888888888888|0.0|0.0|-0.16666666666666674|0.6833333333333333|0.0|0.0|0.0|0.0|0.7138888888888889|0.0|0.0|0.0|0.0|0.8833333333333333|0.0|0.0|0.0|0.0|0.6305555555555555|0.8555555555555555|0.0|0.0|5.0
0011202120021220111000220|0.5833333333333334|0.8388888888888889|0.0|0.0|0.0|0.6333333333333333|0.0|0.0|0.0|2.0|0.6638888888888889|0.0|0.0|0.0|0.0|0.8333333333333333|0.0|0.0|0.0|0.7833333333333333|0.5805555555555556|0.8055555555555556|0.0|0.0|0.5555555555555556
0010202120021220111000020|0.6083333333333333|0.9305555555555555|0.0|1.0|0.0|0.6583333333333333|0.0|0.0|0.0|0.0|0.6888888888888889|0.0|0.0|0.0|0.0|0.9583333333333333|0.0|0.0|0.0|0.9083333333333332|0.6055555555555556|0.9555555555555556|0.9388888888888889|0.0|0.5805555555555556
0000202120021220111000000|0.65|0.7055555555555556|1.0|0.6305555555555556|0.0|0.7083333333333333|0.0|0.0|0.0|0.0|0.7388888888888889|0.0|0.0|0.0|0.0|1.0083333333333333|0.0|0.0|0.0|0.9583333333333333|0.6555555555555556|1.0055555555555555|1.0138888888888888|1.0055555555555555|0.6555555555555556
0000202120001220110000000|0.625|0.6805555555555556|1.0333333333333334|0.6055555555555556|0.0|0.6833333333333333|0.0|0.0|0.0|0.0|0.7388888888888889|0.9555555555555556|0.0|0.0|0.0|1.0333333333333334|0.0|0.0|1.0|0.6583333333333333|0.6305555555555555|1.0305555555555554|1.0638888888888889|0.7055555555555556|0.625
0000200020001220110000000|0.6749999999999999|0.75|0.7583333333333333|0.625|0.0|0.75|0.8638888888888888|1.0272222222222223|0.0|0.0|0.788888888888889|1.0555555555555556|0.0|0.0|0.0|1.0833333333333335|0.0|0.0|1.1638888888888888|0.7083333333333333|0.6805555555555556|1.0805555555555557|1.113888888888889|0.7555555555555556|0.6749999999999999
0000200020001020010000000|0.6749999999999999|0.75|0.7583333333333333|0.625|0.0|0.75|0.8305555555555555|1.0583333333333333|0.0|0.0|0.7583333333333333|1.1055555555555556|0.0|0.9805555555555555|0.0|0.7583333333333333|1.0|0.0|1.1055555555555556|0.7083333333333333|0.6749999999999999|0.7555555555555556|1.0333333333333334|0.7555555555555556|0.6749999999999999
0000000021001020000000000|0.6749999999999999|0.75|0.7583333333333333|0.7305555555555555|0.675|0.75|0.8305555555555555|0.9583333333333333|0.0|0.0|0.7583333333333333|0.975|0.0|0.9055555555555556|0.0|0.75|0.8305555555555555|1.0|0.8305555555555555|0.7333333333333333|0.6749999999999999|0.75|0.7583333333333333|0.75|0.6749999999999999
0000000020001000000000000|0.65|0.725|0.7333333333333334|0.6749999999999999|0.65|0.725|0.8055555555555556|0.9|0.0|0.9999999999675|0.7333333333333334|0.9500000000000001|0.0|0.9|0.7333333333333334|0.725|0.8055555555555556|0.9500000000000001|0.8055555555555556|0.725|0.65|0.725|0.7333333333333334|0.725|0.65
0000000000000000000000000|0.65|0.725|0.725|0.725|0.65|0.725|0.8|0.8|0.8|0.725|0.725|0.8|1.0|0.8|0.725|0.725|0.8|0.8|0.8|0.725|0.65|0.725|0.725|0.725|0.65
2010202211211100221120210|0.0|0.6583333333333333|0.0|1.958888888888889|0.0|0.0|0.0|0.0|0.0|0.0|0.0|0.0|0.0|0.0|-0.11111111111111116|0.0|0.0|0.0|0.0|0.0|0.0|0.0|0.0|0.0|-0.09444444444444444
2010202211211100221100210|0.0|0.6583333333333333|0.0|1.5888888888888888|0.0|0.0|0.0|0.0|0.0|0.0|0.0|0.0|0.0|0.0|-0.11111111111111116|0.9630555555555556|0.0|0.0|0.0|0.0|0.625|0.6083333333333334|0.0|0.0|-0.09444444444444444
2000002211211100221100210|0.0|0.6083333333333334|0.9713888888888889|1.0638888888888889|0.9555555555555556|0.0|0.0|0.0|0.0|0.0|0.0|0.0|0.0|0.0|-0.061111111111111116|0.6305555555555556|0.0|0.0|0.0|0.0|0.625|0.6083333333333334|0.0|0.0|-0.04444444444444451
2000002211211100221100000|0.0|0.6083333333333334|0.7138888888888889|1.0638888888888889|0.9555555555555556|0.0|0.0|0.0|0.0|0.0|0.0|0.0|0.0|0.0|-0.061111111111111116|0.6305555555555556|0.0|0.0|0.0|0.0|0.625|0.6833333333333333|0.7138888888888889|1.006388888888889|0.9555555555555556
0000012211211000221100000|0.7000000000000001|0.7888888888888889|0.7888888888888889|0.9555555555555556|0.8805555555555556|0.0|0.0|0.0|0.0|0.0|0.0|0.0|0.0|1.006388888888889|1.0638888888888889|1.3138888888888889|0.0|0.0|0.0|0.0|0.7|0.7583333333333333|0.7888888888888889|0.9555555555555556|0.8805555555555556
0000002211011000221100000|0.6749999999999999|0.7333333333333333|0.7638888888888888|0.9305555555555556|0.8555555555555555|0.9999999999730556|0.0|0.0|0.0|0.0|0.8333333333333334|0.0|0.0|1.088888888888889|1.0388888888888888|0.7305555555555555|0.0|0.0|0.0|0.0|0.6749999999999999|0.7333333333333333|0.7638888888888888|0.9305555555555556|0.8555555555555555
0000002011011220221000000|0.625|0.6833333333333333|0.7388888888888889|0.8305555555555556|0.7555555555555555|0.6805555555555556|0.0|0.8888888888888888|0.0|0.0|0.7833333333333333|0.0|0.0|0.0|0.0|0.6805555555555556|0.0|0.0|0.0|2.9999999998883333|0.625|0.6833333333333333|0.7138888888888889|0.75|0.6305555555555555
0000000011001220221000000|0.6749999999999999|0.75|0.788888888888889|0.8805555555555556|0.8055555555555556|0.75|0.8638888888888888|0.9333333333333333|0.0|0.0|0.7583333333333333|0.9999999999825|0.0|0.0|0.0|0.7|0.0|0.0|0.0|1.9333333333333333|0.6749999999999999|0.7|0.7638888888888888|0.8|0.6805555555555556
0000000010001220201000000|0.6749999999999999|0.75|0.788888888888889|0.85|0.6805555555555556|0.75|0.8638888888888888|0.9500000000000001|0.0|0.99999999998|0.7583333333333333|0.8749999999999999|0.0|0.0|0.0|0.7|0.0|0.9|0.0|0.8|0.6749999999999999|0.7|0.788888888888889|0.85|0.6805555555555556
0000000010001200200000000|0.625|0.7000000000000001|0.7388888888888889|0.7999999999999999|0.6305555555555555|0.7000000000000001|0.813888888888889|0.9|0.0|0.7999999999999999|0.7083333333333334|0.8250000000000001|0.0|0.0|0.7138888888888889|0.65|0.0|0.8250000000000001|0.9999999999788889|0.7000000000000001|0.625|0.65|0.7083333333333334|0.7000000000000001|0.625
0000000000001200000000000|0.65|0.725|0.7333333333333334|0.725|0.65|0.725|0.8055555555555556|0.9|0.9999999999780556|0.725|0.7333333333333334|0.9|0.0|0.0|0.7083333333333333|0.725|0.8055555555555556|0.9|0.7805555555555556|0.725|0.65|0.725|0.7333333333333334|0.725|0.65
0002022210021112021002020|0.425|0.5|0.5138888888888888|0.0|0.4888888888888888|0.0|0.0|0.0|0.0|1.4297222214230556|0.0|0.0|0.0|0.0|0.0|0.0|0.0|0.0|0.0|0.6305555555555555|0.0|0.0|0.0|0.0|0.4888888888888888
0000022210021012021002020|0.5|0.575|0.638888888888889|0.725|0.5888888888888889|0.0|0.0|0.0|0.0|0.75|0.0|0.0|0.0|0.999999998825|0.0|0.0|0.0|0.0|0.0|0.7000000000000001|0.0|0.0|0.0|0.0|0.5638888888888889
0000022210021012021000020|0.5|0.575|0.638888888888889|0.725|0.5888888888888889|0.0|0.0|0.0|0.0|0.75|0.0|0.0|0.0|-0.17500000000000004|0.0|0.0|0.5888888888888889|0.0|0.0|0.7000000000000001|0.5|0.625|1.0097222218013888|0.0|0.5638888888888889
0000022210021002101011120|0.6000000000000001|0.6749999999999999|0.7388888888888889|0.8250000000000001|0.6555555555555556|0.0|0.0|0.0|0.0|0.8250000000000001|1.1888888888888889|0.0|0.0|0.9|1.867222221093889|0.0|0.0|-0.11944444444444446|0.0|0.8250000000000001|0.0|0.0|0.0|0.0|1.238888888888889
0000022210021002101010100|0.675|0.75|0.8138888888888889|0.9|0.7305555555555555|0.0|0.0|0.0|0.0|0.9|0.0|0.0|0.0|1.025|0.8138888888888889|0.0|0.0|0.09999999999999998|0.0|0.95|0.0|1.0447222210774998|0.0|0.975|0.7638888888888888
0000022200121000101010100|0.6833333333333333|0.725|0.7583333333333333|0.775|0.7|0.0|0.0|0.0|1.027222222058889|0.775|0.0|0.0|0.0|0.975|0.8138888888888889|-0.125|0.0|0.1250000000000001|0.0|0.9249999999999999|0.0|-0.025000000000000022|0.0|0.9500000000000001|0.7388888888888889
0000022200101000121010000|0.6333333333333334|0.6749999999999999|0.7083333333333333|0.725|0.65|0.0|0.0|0.0|0.8138888888888889|0.725|0.0|0.7999999999999999|0.0|0.875|0.763888888888889|-0.125|0.0|0.0|0.0|0.8250000000000001|0.0|0.7999999999999999|2.0213888881563884|0.8250000000000001|0.6555555555555556
0000002200101000120010000|0.6083333333333333|0.625|0.6583333333333333|0.675|0.6|0.725|0.0|0.0|0.7305555555555556|0.675|0.0|0.7999999999999999|0.0|0.7999999999999999|0.6833333333333333|-0.125|0.0|0.0|0.9999999997638889|0.675|0.0|0.75|0.6888888888888889|0.675|0.6
0000002200101002100000000|0.6333333333333333|0.65|0.6833333333333333|0.7000000000000001|0.625|0.7|0.0|0.0|0.7555555555555556|0.7000000000000001|0.0|0.825|0.0|0.875|0.7083333333333334|0.0|0.0|0.9|0.813888888888889|0.7000000000000001|1.9999999992138888|0.7999999999999999|0.7388888888888889|0.7000000000000001|0.625
0000002000001002100000000|0.625|0.65|0.7083333333333334|0.7000000000000001|0.625|0.65|0.0|0.875|0.7805555555555557|0.7000000000000001|0.9999999997138889|0.9|0.0|0.9249999999999999|0.7083333333333334|0.0|0.0|0.95|0.813888888888889|0.7000000000000001|0.6055555555555556|0.7999999999999999|0.7388888888888889|0.7000000000000001|0.625
0000000000001002000000000|0.6749999999999999|0.75|0.7583333333333333|0.75|0.6749999999999999|0.75|0.8305555555555555|0.975|0.8305555555555555|0.75|0.7083333333333333|0.975|0.0|0.975|0.7583333333333333|0.0|0.9999999997805555|0.975|0.8305555555555555|0.75|0.625|0.75|0.7583333333333333|0.75|0.6749999999999999
0202020210021112221000020|0.0|0.0|0.0|0.0|0.4888888888888888|0.0|0.0|0.0|0.0|0.6305555555555555|0.0|0.0|0.0|0.0|0.0|0.0|0.0|0.0|0.0|1.4297222214230556|0.425|0.5|0.5138888888888888|0.0|0.4888888888888888
0202020210021012221000000|0.0|0.0|0.0|0.0|0.5638888888888889|0.0|0.0|0.0|0.0|0.7000000000000001|0.0|0.0|0.0|0.999999998825|0.0|0.0|0.0|0.0|0.0|0.75|0.5|0.575|0.638888888888889|0.725|0.5888888888888889
0002020210021012221000000|0.5|0.625|1.0097222218013888|0.0|0.5638888888888889|0.0|0.5888888888888889|0.0|0.0|0.7000000000000001|0.0|0.0|0.0|-0.17500000000000004|0.0|0.0|0.0|0.0|0.0|0.75|0.5|0.575|0.638888888888889|0.725|0.5888888888888889
1112021010021002221000000|0.0|0.0|0.0|0.0|1.238888888888889|0.0|0.0|-0.11944444444444446|0.0|0.8250000000000001|1.1888888888888889|0.0|0.0|0.9|1.867222221093889|0.0|0.0|0.0|0.0|0.8250000000000001|0.6000000000000001|0.6749999999999999|0.7388888888888889|0.8250000000000001|0.6555555555555556
1010021010021002221000000|0.0|1.0447222210774998|0.0|0.975|0.7638888888888888|0.0|0.0|0.09999999999999998|0.0|0.95|0.0|0.0|0.0|1.025|0.8138888888888889|0.0|0.0|0.0|0.0|0.9|0.675|0.75|0.8138888888888889|0.9|0.7305555555555555
1010001010121002220000000|0.0|-0.025000000000000022|0.0|0.9500000000000001|0.7388888888888889|-0.125|0.0|0.1250000000000001|0.0|0.9249999999999999|0.0|0.0|0.0|0.975|0.8138888888888889|0.0|0.0|0.0|1.027222222058889|0.775|0.6833333333333333|0.725|0.7583333333333333|0.775|0.7
1000001210101002220000000|0.0|0.7999999999999999|2.0213888881563884|0.8250000000000001|0.6555555555555556|-0.125|0.0|0.0|0.0|0.8250000000000001|0.0|0.7999999999999999|0.0|0.875|0.763888888888889|0.0|0.0|0.0|0.8138888888888889|0.725|0.6333333333333334|0.6749999999999999|0.7083333333333333|0.725|0.65
1000001200101000220000000|0.0|0.75|0.6888888888888889|0.675|0.6|-0.125|0.0|0.0|0.9999999997638889|0.675|0.0|0.7999999999999999|0.0|0.7999999999999999|0.6833333333333333|0.725|0.0|0.0|0.7305555555555556|0.675|0.6083333333333333|0.625|0.6583333333333333|0.675|0.6
0000021000101000220000000|1.9999999992138888|0.7999999999999999|0.7388888888888889|0.7000000000000001|0.625|0.0|0.0|0.9|0.813888888888889|0.7000000000000001|0.0|0.825|0.0|0.875|0.7083333333333334|0.7|0.0|0.0|0.7555555555555556|0.7000000000000001|0.6333333333333333|0.65|0.6833333333333333|0.7000000000000001|0.625
0000021000001000200000000|0.6055555555555556|0.7999999999999999|0.7388888888888889|0.7000000000000001|0.625|0.0|0.0|0.95|0.813888888888889|0.7000000000000001|0.9999999997138889|0.9|0.0|0.9249999999999999|0.7083333333333334|0.65|0.0|0.875|0.7805555555555557|0.7000000000000001|0.625|0.65|0.7083333333333334|0.7000000000000001|0.625
0000020000001000000000000|0.625|0.75|0.7583333333333333|0.75|0.6749999999999999|0.0|0.9999999997805555|0.975|0.8305555555555555|0.75|0.7083333333333333|0.975|0.0|0.975|0.7583333333333333|0.75|0.8305555555555555|0.975|0.8305555555555555|0.75|0.6749999999999999|0.75|0.7583333333333333|0.75|0.6749999999999999
0202002202021202111200100|0.425|0.0|0.0|0.0|0.0|0.5|0.0|0.0|0.0|0.0|0.5138888888888888|0.0|0.0|0.0|0.0|0.0|0.0|0.0|0.0|0.0|0.4888888888888888|1.4297222221423056|0.0|0.6305555555555555|0.4888888888888888
0202002202021200101200100|0.5|0.0|0.0|0.0|0.0|0.575|0.0|0.0|0.0|0.0|0.638888888888889|0.0|0.0|0.0|0.0|0.725|0.0|0.9999999998825|0.0|0.0|0.5888888888888889|0.75|0.0|0.7000000000000001|0.5638888888888889
0202002200021200101200100|0.5|0.0|0.0|0.0|0.5|0.575|0.0|0.0|0.5888888888888889|0.625|0.638888888888889|0.0|0.0|0.0|1.0097222221801387|0.725|0.0|-0.17500000000000004|0.0|0.0|0.5888888888888889|0.75|0.0|0.7000000000000001|0.5638888888888889
0202102211021010101200000|0.6000000000000001|0.0|1.1888888888888889|0.0|0.0|0.6749999999999999|0.0|0.0|0.0|0.0|0.7388888888888889|0.0|0.0|-0.11944444444444446|0.0|0.8250000000000001|0.0|0.9|0.0|0.0|0.6555555555555556|0.8250000000000001|1.867222222109389|0.8250000000000001|1.238888888888889
0202102210021010101000000|0.675|0.0|0.0|0.0|0.0|0.75|0.0|0.0|0.0|1.04472222210775|0.8138888888888889|0.0|0.0|0.09999999999999998|0.0|0.9|0.0|1.025|0.0|0.975|0.7305555555555555|0.9|0.8138888888888889|0.95|0.7638888888888888
0210102210021010001000000|0.6833333333333333|0.0|0.0|-0.125|0.0|0.725|0.0|0.0|0.0|-0.025000000000000022|0.7583333333333333|0.0|0.0|0.1250000000000001|0.0|0.775|1.0272222222058889|0.975|0.0|0.9500000000000001|0.7|0.775|0.8138888888888889|0.9249999999999999|0.7388888888888889
0210102010021200001000000|0.6333333333333334|0.0|0.0|-0.125|0.0|0.6749999999999999|0.0|0.7999999999999999|0.0|0.7999999999999999|0.7083333333333333|0.0|0.0|0.0|2.021388888815639|0.725|0.8138888888888889|0.875|0.0|0.8250000000000001|0.65|0.725|0.763888888888889|0.8250000000000001|0.6555555555555556
0010102010021200000000000|0.6083333333333333|0.725|0.0|-0.125|0.0|0.625|0.0|0.7999999999999999|0.0|0.75|0.6583333333333333|0.0|0.0|0.0|0.6888888888888889|0.675|0.7305555555555556|0.7999999999999999|0.9999999999763889|0.675|0.6|0.675|0.6833333333333333|0.675|0.6
0012002010021000000000000|0.6333333333333333|0.7|0.0|0.0|1.9999999999213889|0.65|0.0|0.825|0.0|0.7999999999999999|0.6833333333333333|0.0|0.0|0.9|0.7388888888888889|0.7000000000000001|0.7555555555555556|0.875|0.813888888888889|0.7000000000000001|0.625|0.7000000000000001|0.7083333333333334|0.7000000000000001|0.625
0002002010001000000000000|0.625|0.65|0.9999999999713889|0.0|0.6055555555555556|0.65|0.0|0.9|0.0|0.7999999999999999|0.7083333333333334|0.875|0.0|0.95|0.7388888888888889|0.7000000000000001|0.7805555555555557|0.9249999999999999|0.813888888888889|0.7000000000000001|0.625|0.7000000000000001|0.7083333333333334|0.7000000000000001|0.625
0002000000001000000000000|0.6749999999999999|0.75|0.7083333333333333|0.0|0.625|0.75|0.8305555555555555|0.975|0.9999999999780556|0.75|0.7583333333333333|0.975|0.0|0.975|0.7583333333333333|0.75|0.8305555555555555|0.975|0.8305555555555555|0.75|0.6749999999999999|0.75|0.7583333333333333|0.75|0.6749999999999999
1111021222011221221201010|0.0|0.0|0.0|0.0|3.803888888484889|0.0|0.0|0.0|0.0|0.0|0.0|0.0|0.0|0.0|0.0|0.0|0.0|0.0|0.0|0.0|0.0|0.0|0.0|0.0|-0.29166666666666663
1011021222011201221201010|0.0|0.9999999998833333|0.0|0.0|0.7083333333333334|0.0|0.0|0.0|0.0|0.0|1.4388888888888889|0.0|0.0|0.0|0.0|0.0|0.0|0.0|0.0|0.0|-0.20000000000000007|0.0|2.013888888888889|0.0|0.7305555555555556
1010021022011201221201010|0.0|-0.04166666666666674|0.0|2.40972222205875|0.6083333333333334|0.0|0.0|0.8555555555555555|0.0|0.0|1.5138888888888888|0.0|0.0|0.0|0.0|0.0|0.0|0.0|0.0|0.0|-0.2250000000000001|0.0|1.988888888888889|0.0|0.7055555555555556
1010001022011200221221010|0.0|0.05833333333333324|0.0|0.775|0.6083333333333334|0.9305555555555555|0.0|0.9055555555555556|0.0|0.0|0.9888888888888889|0.0|0.0|0.0|0.0|1.9999999999205555|0.0|0.0|0.0|0.0|0.0|0.0|0.7388888888888889|0.0|0.7055555555555556
1010001022011200221201000|0.0|0.08333333333333326|0.0|0.8|0.6333333333333334|0.9555555555555556|0.0|0.9305555555555556|0.0|0.0|1.0138888888888888|0.0|0.0|0.0|0.0|0.7055555555555556|0.0|0.0|0.0|0.0|0.725|0.0|0.8138888888888889|0.9999999999758333|0.6555555555555557
1010001020011200221200000|0.0|0.008333333333333193|0.0|0.725|0.6083333333333333|0.8805555555555555|0.0|0.8555555555555555|0.0|0.625|0.9388888888888889|0.0|0.0|0.0|0.638888888888889|0.6555555555555556|0.0|0.0|0.0|0.0|0.6|0.9999999999658333|0.6888888888888889|0.6749999999999999|0.5805555555555556
1010001020001200221000000|0.0|-0.050000000000000044|0.0|0.75|0.6333333333333333|0.825|0.0|0.8749999999999999|0.0|0.65|0.7388888888888889|0.999999999985|0.0|0.0|0.7138888888888889|0.65|0.0|0.0|0.0|0.75|0.625|0.65|0.7138888888888889|0.75|0.6305555555555555
1010001020001000220000000|0.0|-0.10000000000000009|0.0|0.7|0.5833333333333334|0.775|0.0|0.8749999999999999|0.0|0.6|0.6888888888888889|0.85|0.0|0.775|0.6583333333333333|0.6|0.0|0.0|0.9999999999705556|0.65|0.575|0.6|0.6333333333333333|0.65|0.575
0210001000001000220000000|1.9999999999213889|0.0|0.0|0.75|0.6333333333333333|0.7999999999999999|0.0|0.8749999999999999|0.7888888888888889|0.7000000000000001|0.7388888888888889|0.85|0.0|0.875|0.7083333333333334|0.65|0.0|0.0|0.7555555555555556|0.7000000000000001|0.625|0.65|0.6833333333333333|0.7000000000000001|0.625
0200001000001000200000000|0.6055555555555556|0.0|0.9999999999713889|0.7000000000000001|0.625|0.7999999999999999|0.0|0.95|0.813888888888889|0.7000000000000001|0.7388888888888889|0.9|0.0|0.9249999999999999|0.7083333333333334|0.65|0.0|0.875|0.7805555555555557|0.7000000000000001|0.625|0.65|0.7083333333333334|0.7000000000000001|0.625
0200000000001000000000000|0.625|0.0|0.7083333333333333|0.75|0.6749999999999999|0.75|0.9999999999780556|0.975|0.8305555555555555|0.75|0.7583333333333333|0.975|0.0|0.975|0.7583333333333333|0.75|0.8305555555555555|0.975|0.8305555555555555|0.75|0.6749999999999999|0.75|0.7583333333333333|0.75|0.6749999999999999
0200001222101212101101111|0.638888888888889|0.0|0.663888888888889|0.65|0.6083333333333334|1.9105|0.0|0.0|0.0|0.0|0.0|0.033333333333333326|0.0|0.0|0.0|0.0|0.0|-0.11111111111111116|0.0|0.0|1.488888888888889|0.0|0.0|0.0|0.0
0000001222021212101101111|0.6305555555555555|0.75|0.7138888888888889|0.65|0.6083333333333334|0.75|0.0|0.0|0.0|0.0|2.890888888888889|0.0|0.0|0.0|0.0|0.0|0.0|-0.21111111111111114|0.0|0.0|0.8138888888888889|0.0|0.0|0.0|0.0
0000000222001212101101111|0.575|0.65|0.6333333333333333|0.6|0.5583333333333333|0.65|1.624888888888889|0.0|0.0|0.0|0.6638888888888889|0.9333333333333333|0.0|0.0|0.0|0.0|0.0|-0.1611111111111111|0.0|0.0|0.8138888888888889|0.0|0.0|0.0|0.0
0000000222001210121101011|0.625|0.7000000000000001|0.6833333333333333|0.65|0.6083333333333334|0.7000000000000001|0.788888888888889|0.0|0.0|0.0|0.7388888888888889|0.8833333333333333|0.0|0.0|0.0|0.8805555555555555|0.0|0.0|0.0|0.0|0.8055555555555556|0.0|1.948888888888889|0.0|0.0
0000000222001210101001011|0.7|0.775|0.7583333333333333|0.725|0.6833333333333333|0.775|0.8638888888888889|0.0|0.0|0.0|0.8138888888888889|1.0583333333333333|0.0|0.0|0.0|1.0055555555555555|0.0|1.1305555555555555|0.0|0.8880555555555556|0.9305555555555556|0.0|1.113888888888889|0.0|0.0
0000000220001210121001201|0.6749999999999999|0.75|0.7333333333333333|0.7|0.6833333333333333|0.75|0.8388888888888889|0.0|0.0|0.75|0.788888888888889|0.8833333333333333|0.0|0.0|0.0|0.8805555555555556|0.0|0.0|0.0|-0.15000000000000002|0.8055555555555556|0.0|0.0|2.8995833333333336|0.0
0000000220001010121000201|0.65|0.725|0.7083333333333333|0.6749999999999999|0.6583333333333333|0.725|0.8138888888888889|0.0|0.0|0.775|0.763888888888889|0.875|0.0|0.85|0.0|0.8250000000000001|0.0|0.0|0.0|-0.07500000000000007|0.6555555555555556|0.9775|0.0|0.75|0.0
0000000220001010021000001|0.6|0.675|0.6583333333333333|0.625|0.6083333333333333|0.675|0.7305555555555556|0.0|0.0|0.725|0.6833333333333333|0.7999999999999999|0.0|0.7999999999999999|0.0|0.675|0.9763888888888889|0.0|0.0|-0.125|0.6|0.675|0.6888888888888889|0.75|0.0
0000000220001010001200000|0.625|0.7000000000000001|0.6833333333333333|0.65|0.6333333333333333|0.7000000000000001|0.7555555555555556|0.0|0.0|0.7|0.7083333333333334|0.875|0.0|0.825|0.0|0.7000000000000001|0.813888888888889|0.9|0.0|0.0|0.625|0.7000000000000001|0.7388888888888889|0.7999999999999999|1.9999999999213889
0000000020001000001200000|0.625|0.7000000000000001|0.7083333333333334|0.65|0.625|0.7000000000000001|0.7805555555555557|0.875|0.0|0.65|0.7083333333333334|0.9249999999999999|0.0|0.9|0.9999999999713889|0.7000000000000001|0.813888888888889|0.95|0.0|0.0|0.625|0.7000000000000001|0.7388888888888889|0.7999999999999999|0.6055555555555556
0000000000001000000200000|0.6749999999999999|0.75|0.7583333333333333|0.75|0.6749999999999999|0.75|0.8305555555555555|0.975|0.8305555555555555|0.75|0.7583333333333333|0.975|0.0|0.975|0.7083333333333333|0.75|0.8305555555555555|0.975|0.9999999999780556|0.0|0.6749999999999999|0.75|0.7583333333333333|0.75|0.625
0210011010221120212122101|1.3888888888888888|0.0|0.0|0.9583333333333333|0.7138888888888889|0.0|0.0|0.03888888888888886|0.0|1.9999999996138889|0.0|0.0|0.0|0.0|0.0|3.358333333333333|0.0|0.0|0.0|0.0|0.0|0.0|0.0|1.638888888888889|0.0
0210011010221120212022121|1.3888888888888888|0.0|0.0|0.9083333333333333|0.7138888888888889|0.0|0.0|-0.011111111111111183|0.0|0.9055555555555556|0.0|0.0|0.0|0.0|0.0|3.358333333333333|0.0|0.0|0.0|2.9999999988638892|0.0|0.0|0.0|0.0|0.0
0210011010221100212022120|0.0|0.0|0.0|-0.4416666666666667|-0.42500000000000004|0.0|0.0|0.0|0.0|-0.45000000000000007|0.0|0.0|0.0|0.0|-0.36944444444444446|0.0|0.0|0.0|0.0|-0.1694444444444444|0.0|0.0|0.0|0.0|3.3858333297530554
0200011210221100212020120|0.0|0.0|2.9722222204638893|0.8833333333333333|0.6305555555555555|0.0|0.0|0.0|0.0|0.8805555555555555|0.0|0.0|0.0|0.0|0.9138888888888889|0.0|0.0|0.0|0.0|0.7138888888888889|0.0|0.7805555555555556|0.0|0.0|0.6083333333333334
0200001010221100212020120|0.6055555555555556|0.0|0.6888888888888889|0.9833333333333333|0.6305555555555555|0.9999999997|0.0|0.9638888888888888|0.0|0.9805555555555555|0.0|0.0|0.0|0.0|1.0138888888888888|0.0|0.0|0.0|0.0|0.7138888888888889|0.0|0.8805555555555555|0.0|0.0|0.6083333333333334
0000001010221100212020020|0.6805555555555556|0.85|0.763888888888889|1.0333333333333334|0.6805555555555556|0.8|0.0|1.0638888888888889|0.0|1.0305555555555554|0.0|0.0|0.0|0.0|1.0638888888888889|0.0|0.0|0.0|0.0|0.7638888888888888|0.0|0.6555555555555557|0.9999999999833333|0.0|0.625
0000001010221100202020000|0.6805555555555556|0.85|0.763888888888889|1.0333333333333334|0.6805555555555556|0.8|0.0|1.0305555555555554|0.0|1.0305555555555554|0.0|0.0|0.0|0.0|1.0638888888888889|0.0|0.0|1.0000000000055556|0.0|0.7305555555555555|0.0|0.625|0.7583333333333333|0.7333333333333333|0.6749999999999999
0000000010221100200020000|0.6749999999999999|0.75|0.788888888888889|1.0833333333333335|0.6805555555555556|0.7|1.0233333331488887|1.0555555555555556|0.0|1.0805555555555557|0.0|0.0|0.0|0.0|1.113888888888889|0.0|0.0|1.1055555555555556|1.1888888888888889|0.7555555555555556|0.0|0.625|0.7583333333333333|0.7583333333333333|0.6749999999999999
0000000000201100200020000|0.6749999999999999|0.75|0.7583333333333333|0.7583333333333333|0.6749999999999999|0.7|0.8305555555555555|1.1055555555555556|1.0000000001055556|0.7555555555555556|0.0|0.9833333333333334|0.0|0.0|1.0333333333333334|0.0|0.0|1.0555555555555556|1.1055555555555556|0.7555555555555556|0.0|0.625|0.7583333333333333|0.7583333333333333|0.6749999999999999
0000000000201001200000000|0.6749999999999999|0.75|0.7583333333333333|0.75|0.6749999999999999|0.7333333333333333|0.8305555555555555|0.975|0.8305555555555555|0.75|0.0|0.9055555555555556|0.0|0.999999999975|0.7583333333333333|0.0|0.0|0.9583333333333333|0.8305555555555555|0.75|0.675|0.7305555555555555|0.7583333333333333|0.75|0.6749999999999999
0000000000001000200000000|0.65|0.725|0.7333333333333334|0.725|0.65|0.725|0.8055555555555556|0.9500000000000001|0.8055555555555556|0.725|0.7333333333333334|0.9|0.0|0.9500000000000001|0.7333333333333334|0.999999999675|0.0|0.9|0.8055555555555556|0.725|0.65|0.6749999999999999|0.7333333333333334|0.725|0.65
2212102101221121101002100|0.0|0.0|0.0|0.0|0.0|3.358333333333333|0.0|0.0|1.5888888888888888|0.0|0.0|0.0|0.0|0.0|0.0|0.0|0.0|0.0888888888888889|0.0|2.0|1.3888888888888888|0.0|0.0|1.0083333333333333|0.7138888888888889
2212102120221121101002100|0.0|0.0|0.0|0.0|0.0|3.358333333333333|0.0|0.0|0.0|3.0|0.0|0.0|0.0|0.0|0.0|0.0|0.0|-0.011111111111111183|0.0|0.9055555555555556|1.3888888888888888|0.0|0.0|0.9083333333333333|0.7138888888888889
2212002120221101101002100|0.0|0.0|0.0|0.0|3.385833333333333|0.0|0.0|0.0|0.0|-0.1694444444444444|0.0|0.0|0.0|0.0|-0.36944444444444446|0.0|0.0|0.0|0.0|-0.45000000000000007|0.0|0.0|0.0|-0.4416666666666667|-0.42500000000000004
2012002120221101121002000|0.0|0.7805555555555556|0.0|0.0|0.6083333333333334|0.0|0.0|0.0|0.0|0.7138888888888889|0.0|0.0|0.0|0.0|0.9138888888888889|0.0|0.0|0.0|0.0|0.8805555555555555|0.0|0.0|2.9722222222222223|0.8833333333333333|0.6305555555555555
2012002120221100101002000|0.0|0.8805555555555555|0.0|0.0|0.6083333333333334|0.0|0.0|0.0|0.0|0.7138888888888889|0.0|0.0|0.0|0.0|1.0138888888888888|1.0|0.0|0.9638888888888888|0.0|0.9805555555555555|0.6055555555555556|0.0|0.6888888888888889|0.9833333333333333|0.6305555555555555
2002002120221100101000000|0.0|0.6555555555555557|1.0|0.0|0.625|0.0|0.0|0.0|0.0|0.7638888888888888|0.0|0.0|0.0|0.0|1.0638888888888889|0.8|0.0|1.0638888888888889|0.0|1.0305555555555554|0.6805555555555556|0.85|0.763888888888889|1.0333333333333334|0.6805555555555556
2000002020221100101000000|0.0|0.625|0.7583333333333333|0.7333333333333333|0.6749999999999999|0.0|0.0|1.0|0.0|0.7305555555555555|0.0|0.0|0.0|0.0|1.0638888888888889|0.8|0.0|1.0305555555555554|0.0|1.0305555555555554|0.6805555555555556|0.85|0.763888888888889|1.0333333333333334|0.6805555555555556
2000002000221100001000000|0.0|0.625|0.7583333333333333|0.7583333333333333|0.6749999999999999|0.0|0.0|1.1055555555555556|1.1888888888888889|0.7555555555555556|0.0|0.0|0.0|0.0|1.113888888888889|0.7|1.0233333333333332|1.0555555555555556|0.0|1.0805555555555557|0.6749999999999999|0.75|0.788888888888889|1.0833333333333335|0.6805555555555556
2000002000201100000000000|0.0|0.625|0.7583333333333333|0.7583333333333333|0.6749999999999999|0.0|0.0|1.0555555555555556|1.1055555555555556|0.7555555555555556|0.0|0.9833333333333334|0.0|0.0|1.0333333333333334|0.7|0.8305555555555555|1.1055555555555556|1.0|0.7555555555555556|0.6749999999999999|0.75|0.7583333333333333|0.7583333333333333|0.6749999999999999
0000012000201000000000000|0.675|0.7305555555555555|0.7583333333333333|0.75|0.6749999999999999|0.0|0.0|0.9583333333333333|0.8305555555555555|0.75|0.0|0.9055555555555556|0.0|1.0|0.7583333333333333|0.7333333333333333|0.8305555555555555|0.975|0.8305555555555555|0.75|0.6749999999999999|0.75|0.7583333333333333|0.75|0.6749999999999999
0000000000201000000000000|0.6749999999999999|0.75|0.7583333333333333|0.75|0.6749999999999999|0.9999999997|0.8305555555555555|0.975|0.8305555555555555|0.75|0.0|0.9249999999999999|0.0|0.975|0.7583333333333333|0.7|0.8305555555555555|0.975|0.8305555555555555|0.75|0.6749999999999999|0.75|0.7583333333333333|0.75|0.6749999999999999
0002022210111121001201011|0.6333333333333334|0.7083333333333333|0.688888888888889|0.0|0.6305555555555556|0.0|0.0|0.0|0.0|2.999999999280556|0.0|0.0|0.0|0.0|0.0|0.0|1.0638888888888889|1.0138888888888888|0.0|0.0|0.10833333333333328|0.0|1.113888888888889|0.0|0.0
0000022210111121001201001|0.7083333333333334|0.7833333333333333|0.8138888888888889|1.1833333333333333|0.7305555555555555|0.0|0.0|0.0|0.0|2.3555555555555556|0.0|0.0|0.0|0.0|0.0|0.0|1.1888888888888889|1.1388888888888888|0.0|0.0|0.23333333333333328|0.0|0.9388888888888889|1.0000000000833333|0.0
0000002210111121221201220|0.6333333333333333|0.6833333333333333|0.7138888888888889|0.8833333333333333|0.6305555555555555|0.8888888888888888|0.0|0.0|0.0|0.8555555555555555|0.0|0.0|0.0|0.0|0.0|0.0|0.0|0.0|0.0|0.0|-0.16666666666666674|0.0|0.0|0.0|4.999999997705555
0000002210111121221220200|0.5833333333333334|0.6333333333333333|0.6638888888888889|0.8333333333333333|0.5805555555555556|0.8388888888888889|0.0|0.0|0.0|0.8055555555555556|0.0|0.0|0.0|0.0|0.0|0.0|0.0|0.0|0.0|0.0|0.0|1.9999999991138888|0.0|0.7833333333333333|0.5555555555555556
0000002210111100221220200|0.6083333333333333|0.6583333333333333|0.6888888888888889|0.9583333333333333|0.6055555555555556|0.9305555555555555|0.0|0.0|0.0|0.9555555555555556|0.0|0.0|0.0|0.0|0.9388888888888889|0.9999999998555555|0.0|0.0|0.0|0.0|0.0|0.0|0.0|0.9083333333333332|0.5805555555555556
0000002210011100221020200|0.65|0.7083333333333333|0.7388888888888889|1.0083333333333333|0.6555555555555556|0.7055555555555556|0.0|0.0|0.0|1.0055555555555555|1.0000000000083333|0.0|0.0|0.0|1.0138888888888888|0.6305555555555556|0.0|0.0|0.0|1.0055555555555555|0.0|0.0|0.0|0.9583333333333333|0.6555555555555556
0000002010011100220020200|0.625|0.6833333333333333|0.7388888888888889|1.0333333333333334|0.6305555555555555|0.6805555555555556|0.0|0.9555555555555556|0.0|1.0305555555555554|1.0333333333333334|0.0|0.0|0.0|1.0638888888888889|0.6055555555555556|0.0|0.0|1.000000000113889|0.7055555555555556|0.0|0.0|0.0|0.6583333333333333|0.625
0000000010001100220020200|0.6749999999999999|0.75|0.788888888888889|1.0833333333333335|0.6805555555555556|0.75|0.8638888888888888|1.0555555555555556|0.0|1.0805555555555557|0.7583333333333333|1.0272222223033334|0.0|0.0|1.113888888888889|0.625|0.0|0.0|1.1638888888888888|0.7555555555555556|0.0|0.0|0.0|0.7083333333333333|0.6749999999999999
0000000000001100200020200|0.6749999999999999|0.75|0.7583333333333333|0.7583333333333333|0.6749999999999999|0.75|0.8305555555555555|1.1055555555555556|1.0000000001055556|0.7555555555555556|0.7583333333333333|1.0583333333333333|0.0|0.0|1.0333333333333334|0.625|0.0|0.9805555555555555|1.1055555555555556|0.7555555555555556|0.0|0.0|0.0|0.7083333333333333|0.6749999999999999
0000000000001000200001200|0.6749999999999999|0.75|0.7583333333333333|0.75|0.6749999999999999|0.75|0.8305555555555555|0.975|0.8305555555555555|0.75|0.7583333333333333|0.9583333333333333|0.0|0.999999999975|0.7583333333333333|0.7305555555555555|0.0|0.9055555555555556|0.8305555555555555|0.75|0.675|0.0|0.0|0.7333333333333333|0.6749999999999999
0000000000001000000000200|0.6749999999999999|0.75|0.7583333333333333|0.75|0.6749999999999999|0.75|0.8305555555555555|0.975|0.8305555555555555|0.75|0.7583333333333333|0.975|0.0|0.975|0.7583333333333333|0.75|0.8305555555555555|0.9249999999999999|0.8305555555555555|0.75|0.6749999999999999|0.9999999997|0.0|0.7|0.6749999999999999
2101001111121220212020202|0.0|0.0|-0.11111111111111116|0.0|-0.09444444444444444|1.9999999995888889|0.0|0.0|0.0|0.0|0.0|0.0|0.0|0.0|0.0|0.6583333333333333|0.0|0.0|0.0|0.0|0.0|0.0|0.0|0.0|0.0
2101001111121220212020200|0.0|0.0|-0.11111111111111116|0.0|-0.09444444444444444|1.5888888888888888|0.0|0.0|0.0|0.0|0.0|0.0|0.0|0.0|0.0|0.6583333333333333|0.0|0.0|0.0|0.6083333333333334|0.0|0.0|0.0|0.9999999996305555|0.625
0101001111021220212020200|0.9555555555555556|0.0|-0.061111111111111116|0.0|-0.04444444444444451|1.0638888888888889|0.0|0.0|0.0|0.0|0.9999999997138889|0.0|0.0|0.0|0.0|0.6083333333333334|0.0|0.0|0.0|0.6083333333333334|0.0|0.0|0.0|0.6305555555555556|0.625
0101001110021200212020200|0.9555555555555556|0.0|-0.061111111111111116|0.0|0.9555555555555556|1.0638888888888889|0.0|0.0|0.0|1.000000000063889|0.7138888888888889|0.0|0.0|0.0|0.7138888888888889|0.6083333333333334|0.0|0.0|0.0|0.6833333333333333|0.0|0.0|0.0|0.6305555555555556|0.625
0101001010021200212001200|0.8805555555555556|0.0|1.0638888888888889|0.0|0.8805555555555556|0.9555555555555556|0.0|1.000000000063889|0.0|0.9555555555555556|0.7888888888888889|0.0|0.0|0.0|0.7888888888888889|0.7888888888888889|0.0|0.0|0.0|0.7583333333333333|0.7000000000000001|0.0|0.0|1.3138888888888889|0.7
0101001010021200212000000|0.8555555555555555|0.0|1.0388888888888888|0.0|0.8555555555555555|0.9305555555555556|0.0|1.088888888888889|0.0|0.9305555555555556|0.7638888888888888|0.0|0.0|0.0|0.7638888888888888|0.7333333333333333|0.0|0.0|0.0|0.7333333333333333|0.6749999999999999|0.9999999997305555|0.8333333333333334|0.7305555555555555|0.6749999999999999
0120001210001200212000000|0.7555555555555555|0.0|0.0|2.9999999988833332|0.6305555555555555|0.8305555555555556|0.0|0.0|0.0|0.75|0.7388888888888889|0.8888888888888888|0.0|0.0|0.7138888888888889|0.6833333333333333|0.0|0.0|0.0|0.6833333333333333|0.625|0.6805555555555556|0.7833333333333333|0.6805555555555556|0.625
0120001210001200002000000|0.8055555555555556|0.0|0.0|1.9333333333333333|0.6805555555555556|0.8805555555555556|0.0|0.0|0.0|0.8|0.788888888888889|0.9333333333333333|0.0|0.0|0.7638888888888888|0.75|0.8638888888888888|0.999999999825|0.0|0.7|0.6749999999999999|0.75|0.7583333333333333|0.7|0.6749999999999999
0020001210001000002000000|0.6805555555555556|0.9999999998|0.0|0.8|0.6805555555555556|0.85|0.0|0.0|0.0|0.85|0.788888888888889|0.9500000000000001|0.0|0.9|0.788888888888889|0.75|0.8638888888888888|0.8749999999999999|0.0|0.7|0.6749999999999999|0.75|0.7583333333333333|0.7|0.6749999999999999
0000001200001000002000000|0.6305555555555555|0.7999999999999999|0.7138888888888889|0.7000000000000001|0.625|0.7999999999999999|0.0|0.0|0.9999999997888889|0.7000000000000001|0.7388888888888889|0.9|0.0|0.8250000000000001|0.7083333333333334|0.7000000000000001|0.813888888888889|0.8250000000000001|0.0|0.65|0.625|0.7000000000000001|0.7083333333333334|0.65|0.625
0000000200001000000000000|0.65|0.725|0.7083333333333333|0.725|0.65|0.725|0.9999999997805555|0.0|0.7805555555555556|0.725|0.7333333333333334|0.9|0.0|0.9|0.7333333333333334|0.725|0.8055555555555556|0.9|0.8055555555555556|0.725|0.65|0.725|0.7333333333333334|0.725|0.65
0110010011111012221102020|0.15833333333333333|0.0|0.0|1.2638888888888888|1.113888888888889|0.0|1.113888888888889|1.000000000463889|0.0|0.0|0.0|0.0|0.0|0.26388888888888873|0.0|0.0|0.0|0.0|0.0|0.0|0.0|0.0|0.0|0.0|1.0888888888888888
0110010011111202221100020|0.05833333333333324|0.0|0.0|1.0638888888888889|0.913888888888889|0.0|1.0138888888888888|1.2138888888888888|0.0|0.0|0.0|0.0|0.0|0.0|1.9999999996138889|0.0|0.0|0.0|0.0|0.0|0.6833333333333333|0.7583333333333333|0.7388888888888889|0.0|0.7555555555555556
0100012211111202221100000|-0.19166666666666665|0.0|2.999999998988889|0.913888888888889|0.8305555555555556|0.0|0.0|0.0|0.0|0.0|0.0|0.0|0.0|0.0|1.6138888888888887|0.0|0.0|0.0|0.0|0.0|0.6833333333333333|0.7583333333333333|0.7888888888888889|0.9055555555555556|0.8305555555555556
2000012211111200221100000|0.0|1.9999999992638888|0.7388888888888889|0.8555555555555555|0.7805555555555556|0.0|0.0|0.0|0.0|0.0|0.0|0.0|0.0|0.0|1.5638888888888889|0.763888888888889|0.0|0.0|0.0|0.0|0.6583333333333333|0.7083333333333333|0.7388888888888889|0.8555555555555555|0.7805555555555556
2000012211011000221100000|0.0|1.3138888888888889|0.7888888888888889|0.9555555555555556|0.8805555555555556|0.0|0.0|0.0|0.0|0.0|0.9999999997833333|0.0|0.0|1.113888888888889|1.0638888888888889|0.7888888888888889|0.0|0.0|0.0|0.0|0.7|0.7583333333333333|0.7888888888888889|0.9555555555555556|0.8805555555555556
0120211220011121122020102|-0.09444444444444444|0.0|0.0|0.0|0.0|0.0|0.0|0.0|0.0|0.0|-0.11111111111111116|0.0|0.0|0.0|0.0|0.0|0.0|0.0|0.0|0.0|0.0|1.9999999995888889|0.0|0.6583333333333333|0.0
0120011220011121122020102|-0.09444444444444444|0.0|0.0|0.6083333333333334|0.625|0.0|0.0|0.0|0.0|0.9999999996305555|-0.11111111111111116|0.0|0.0|0.0|0.0|0.0|0.0|0.0|0.0|0.0|0.0|1.5888888888888888|0.0|0.6583333333333333|0.0
0120011220011121122000002|-0.04444444444444451|0.0|0.0|0.6083333333333334|0.625|0.0|0.0|0.0|0.0|0.6305555555555556|-0.061111111111111116|0.0|0.0|0.0|0.0|0.0|0.0|0.0|0.0|0.0|0.9555555555555556|1.0638888888888889|0.9999999997138889|0.6083333333333334|0.0
0000011220011121122000002|0.9555555555555556|1.000000000063889|0.7138888888888889|0.6833333333333333|0.625|0.0|0.0|0.0|0.0|0.6305555555555556|-0.061111111111111116|0.0|0.0|0.0|0.0|0.0|0.0|0.0|0.0|0.0|0.9555555555555556|1.0638888888888889|0.7138888888888889|0.6083333333333334|0.0
0000011220001121122100000|0.8805555555555556|0.9555555555555556|0.7888888888888889|0.7583333333333333|0.7|0.0|0.0|0.0|0.0|1.3138888888888889|1.0638888888888889|1.000000000063889|0.0|0.0|0.0|0.0|0.0|0.0|0.0|0.0|0.8805555555555556|0.9555555555555556|0.7888888888888889|0.7888888888888889|0.7000000000000001
0000011220001101122000000|0.8555555555555555|0.9305555555555556|0.7638888888888888|0.7333333333333333|0.6749999999999999|0.0|0.0|0.0|0.0|0.7305555555555555|1.0388888888888888|1.088888888888889|0.0|0.0|0.8333333333333334|0.0|0.0|0.0|0.0|0.9999999997305555|0.8555555555555555|0.9305555555555556|0.7638888888888888|0.7333333333333333|0.6749999999999999
0000011220221100102000000|0.7055555555555556|0.7805555555555556|0.7138888888888889|0.6833333333333333|0.625|0.0|0.0|0.0|0.0|0.6805555555555556|0.0|0.0|0.0|0.0|0.7833333333333333|2.9999999989333332|0.0|0.8555555555555555|0.0|0.6805555555555556|0.6305555555555555|0.7999999999999999|0.7388888888888889|0.6833333333333333|0.625
0000011220221000100000000|0.7555555555555555|0.8305555555555556|0.7638888888888888|0.7|0.6749999999999999|0.0|0.0|0.0|0.0|0.7|0.0|0.0|0.0|0.999999999825|0.7583333333333333|1.9833333333333334|0.0|0.9|0.8638888888888888|0.75|0.6805555555555556|0.85|0.788888888888889|0.75|0.6749999999999999
0000001020221000100000000|0.6805555555555556|0.85|0.788888888888889|0.7|0.6749999999999999|0.9999999998|0.0|0.9|0.0|0.7|0.0|0.0|0.0|0.8749999999999999|0.7583333333333333|0.8|0.0|0.9500000000000001|0.8638888888888888|0.75|0.6805555555555556|0.85|0.788888888888889|0.75|0.6749999999999999
0000000020021000100000000|0.625|0.7000000000000001|0.7083333333333334|0.65|0.625|0.7000000000000001|0.9999999997888889|0.8250000000000001|0.0|0.65|0.7138888888888889|0.0|0.0|0.8250000000000001|0.7083333333333334|0.7999999999999999|0.0|0.9|0.813888888888889|0.7000000000000001|0.6305555555555555|0.7999999999999999|0.7388888888888889|0.7000000000000001|0.625
0000000000021000000000000|0.65|0.725|0.7333333333333334|0.725|0.65|0.725|0.7805555555555556|0.9|0.8055555555555556|0.725|0.7083333333333333|0.0|0.0|0.9|0.7333333333333334|0.725|0.9999999997805555|0.9|0.8055555555555556|0.725|0.65|0.725|0.7333333333333334|0.725|0.65
0120110110011111222201200|0.0|0.0|0.0|0.0|0.0|0.0|0.0|0.0|0.0|0.0|0.0|0.0|0.0|0.0|0.0|0.0|0.0|0.0|0.0|0.0|2.164722219221389|0.0|0.0|-0.1444444444444445|-0.061111111111111116
0120110110011011222201000|0.0|0.0|0.0|0.0|0.0|0.0|0.0|0.0|0.0|0.0|0.0|0.0|0.0|0.9999999988805556|0.0|0.0|0.0|0.0|0.0|0.0|0.0|0.0|-0.06944444444444442|0.005555555555555536|-0.04444444444444445
0120110110011011222200000|-0.15000000000000002|0.0|0.0|1.6888888888888889|0.0|0.0|0.188888888888889|0.0|0.0|0.13333333333333341|0.18333333333333324|0.0|0.0|1.0138888888888888|0.0|0.0|0.0|0.0|0.0|0.0|0.725|1.6999999927166387|0.7333333333333333|0.7|0.6583333333333333
2020112110011011222000000|0.0|3.0213888876063884|0.0|0.8805555555555555|0.0|0.0|0.0|0.0|0.0|0.033333333333333326|-0.06666666666666676|0.0|0.0|0.9138888888888889|0.0|0.0|0.0|0.0|0.0|0.75|0.6749999999999999|0.7138888888888889|0.6833333333333333|0.65|0.6333333333333333
2000102110211011222000000|0.0|0.638888888888889|0.9638888888888888|0.9055555555555556|0.0|2.003888888048889|0.0|0.0|0.0|0.033333333333333326|0.0|0.0|0.0|0.9138888888888889|0.0|0.0|0.0|0.0|0.0|0.75|0.625|0.7138888888888889|0.6833333333333333|0.65|0.6333333333333333
0000102010211011222000000|0.6|0.6583333333333333|0.7138888888888889|0.7999999999999999|0.0|1.2138888888888888|0.0|0.9999999998805555|0.0|-0.07500000000000007|0.0|0.0|0.0|0.8833333333333333|0.0|0.0|0.0|0.0|0.0|0.725|0.6|0.6888888888888889|0.6583333333333333|0.625|0.6083333333333333
0000102010011010222000000|0.575|0.6333333333333333|0.6888888888888889|0.775|0.0|0.6305555555555555|0.0|0.9055555555555556|0.0|-0.10000000000000009|0.7833333333333333|0.0|0.0|0.9083333333333332|0.0|0.9999999996305555|0.0|0.0|0.0|0.7|0.575|0.6333333333333333|0.6333333333333333|0.6|0.5833333333333334
0000102010001010220000000|0.6|0.625|0.7138888888888889|0.7999999999999999|0.0|0.625|0.0|0.8749999999999999|0.0|-0.07500000000000007|0.6833333333333333|0.999999999725|0.0|0.9500000000000001|0.0|0.625|0.0|0.0|0.7388888888888889|0.775|0.6|0.625|0.6583333333333333|0.675|0.6083333333333333
0000000012001010220000000|0.625|0.7000000000000001|0.7388888888888889|0.7999999999999999|1.9999999992138888|0.7000000000000001|0.813888888888889|0.9|0.0|0.0|0.7083333333333334|0.8250000000000001|0.0|0.8749999999999999|0.0|0.65|0.0|0.0|0.763888888888889|0.75|0.625|0.65|0.6833333333333333|0.7000000000000001|0.6333333333333333
0000000012001000200000000|0.625|0.7000000000000001|0.7388888888888889|0.7999999999999999|0.6055555555555556|0.7000000000000001|0.813888888888889|0.95|0.0|0.0|0.7083333333333334|0.875|0.0|0.95|0.9999999997138889|0.65|0.0|0.875|0.813888888888889|0.7000000000000001|0.625|0.65|0.7083333333333334|0.7000000000000001|0.625
0000000002001000000000000|0.6749999999999999|0.75|0.7583333333333333|0.75|0.625|0.75|0.8305555555555555|0.975|0.9999999997805555|0.0|0.7583333333333333|0.975|0.0|0.975|0.7083333333333333|0.75|0.8305555555555555|0.975|0.8305555555555555|0.75|0.6749999999999999|0.75|0.7583333333333333|0.75|0.6749999999999999
0120201222011200120201200|0.8805555555555555|0.0|0.0|0.0|0.0|0.9305555555555555|0.0|0.0|0.0|0.0|1.097222222088889|0.0|0.0|0.0|0.0|0.9305555555555555|0.0|0.0|0.688888888888889|0.0|0.8805555555555555|0.0|0.0|0.7083333333333333|0.6000000000000001
0120001222011200120200200|0.8305555555555556|0.0|0.0|0.5833333333333334|0.55|0.8805555555555555|0.0|0.0|0.0|0.0|0.9138888888888889|0.0|0.0|0.0|0.0|0.9055555555555556|0.0|0.0|0.638888888888889|0.0|0.6055555555555556|1.0972222219833334|0.0|0.625|0.55
0100001222011200020200200|0.7805555555555556|0.0|0.8638888888888889|0.5833333333333334|0.5|0.8305555555555556|0.0|0.0|0.0|0.0|0.8888888888888888|0.0|0.0|0.0|0.0|0.6305555555555555|1.1147222220463888|0.0|0.5555555555555556|0.0|0.55|0.5833333333333334|0.0|0.575|0.5
0000001222011210021000211|0.6555555555555556|0.9999999999083333|0.7388888888888889|0.6749999999999999|0.6333333333333334|0.9055555555555556|0.0|0.0|0.0|0.0|0.9388888888888889|0.0|0.0|0.0|0.0|0.7305555555555556|0.9888888888888889|0.0|0.0|0.0|0.65|0.6833333333333333|0.0|0.0|0.0
0000001222011200021200011|0.6305555555555555|0.8833333333333333|0.7138888888888889|0.65|0.5750000000000001|0.8805555555555555|0.0|0.0|0.0|0.0|0.9138888888888889|0.0|0.0|0.0|1.9999999991638888|0.7055555555555556|0.9638888888888889|0.0|0.0|0.0|0.625|0.6833333333333333|0.7388888888888889|0.0|0.0
0000001222001200001200011|0.6805555555555556|0.85|0.7638888888888888|0.7|0.625|0.85|0.0|0.0|0.0|0.0|0.788888888888889|1.0447222220774999|0.0|0.0|0.0|0.75|0.8638888888888888|0.8805555555555556|0.0|0.0|0.6749999999999999|0.7583333333333333|0.8638888888888889|0.0|0.0
0000001222001210001000001|0.7305555555555555|0.9|0.8138888888888889|0.75|0.7083333333333334|0.9|0.0|0.0|0.0|0.0|0.8388888888888889|0.95|0.0|0.0|0.0|0.8|0.9138888888888889|0.95|0.0|-0.09999999999999998|0.725|0.8|0.8388888888888889|0.999999999875|0.0
0000000220001210001000001|0.6749999999999999|0.75|0.7333333333333333|0.7|0.6833333333333333|0.75|0.9999999998055555|0.0|0.0|0.75|0.7583333333333333|0.8749999999999999|0.0|0.0|0.0|0.75|0.8638888888888888|0.9|0.0|-0.10000000000000009|0.6749999999999999|0.75|0.788888888888889|0.8250000000000001|0.0
0120221222101110110200211|1.3888888888888888|0.0|0.0|3.358333333333333|0.0|0.0|0.0|0.0|0.0|0.0|0.0|0.0888888888888889|0.0|0.0|0.0|1.0083333333333333|0.0|0.0|1.5888888888888888|0.0|0.7138888888888889|1.9999999663888888|0.0|0.0|0.0
0120221222101110112200201|1.3888888888888888|0.0|0.0|3.358333333333333|0.0|0.0|0.0|0.0|0.0|0.0|0.0|-0.011111111111111183|0.0|0.0|0.0|0.9083333333333333|0.0|0.0|0.0|0.0|0.7138888888888889|0.9055555555555556|0.0|2.9999998863888893|0.0
0120221222101110112200000|0.0|0.0|0.0|0.0|0.0|0.0|0.0|0.0|0.0|0.0|0.0|0.0|0.0|0.0|0.0|-0.4416666666666667|0.0|0.0|0.0|0.0|-0.42500000000000004|-0.45000000000000007|-0.36944444444444446|-0.1694444444444444|3.3858329753055556
0120221220021110112200000|0.0|0.0|0.0|0.0|0.0|0.0|0.0|0.0|0.0|0.7805555555555556|2.972222046388889|0.0|0.0|0.0|0.0|0.8833333333333333|0.0|0.0|0.0|0.0|0.6305555555555555|0.8805555555555555|0.9138888888888889|0.7138888888888889|0.6083333333333334
0020221220001110112200000|0.6055555555555556|0.99999997|0.0|0.0|0.0|0.0|0.0|0.0|0.0|0.8805555555555555|0.6888888888888889|0.9638888888888888|0.0|0.0|0.0|0.9833333333333333|0.0|0.0|0.0|0.0|0.6305555555555555|0.9805555555555555|1.0138888888888888|0.7138888888888889|0.6083333333333334
0020201220001100112200000|0.6805555555555556|0.8|0.0|0.0|0.0|0.85|0.0|0.0|0.0|0.6555555555555557|0.763888888888889|1.0638888888888889|0.0|0.0|0.9999999983333333|1.0333333333333334|0.0|0.0|0.0|0.0|0.6805555555555556|1.0305555555555554|1.0638888888888889|0.7638888888888888|0.625
0020201220001000112000000|0.6805555555555556|0.8|0.0|0.0|0.0|0.85|0.0|0.0|0.0|0.625|0.763888888888889|1.0305555555555554|0.0|1.0000000005555556|0.7583333333333333|1.0333333333333334|0.0|0.0|0.0|0.7333333333333333|0.6805555555555556|1.0305555555555554|1.0638888888888889|0.7305555555555555|0.6749999999999999
0020200220001000110000000|0.6749999999999999|0.7|0.0|0.0|0.0|0.75|1.0233333148888888|0.0|0.0|0.625|0.788888888888889|1.0555555555555556|0.0|1.1055555555555556|0.7583333333333333|1.0833333333333335|0.0|0.0|1.1888888888888889|0.7583333333333333|0.6805555555555556|1.0805555555555557|1.113888888888889|0.7555555555555556|0.6749999999999999
0020200020001000010000000|0.6749999999999999|0.7|0.0|0.0|0.0|0.75|0.8305555555555555|0.9833333333333334|0.0|0.625|0.7583333333333333|1.1055555555555556|0.0|1.0555555555555556|0.7583333333333333|0.7583333333333333|1.0000000105555555|0.0|1.1055555555555556|0.7583333333333333|0.6749999999999999|0.7555555555555556|1.0333333333333334|0.7555555555555556|0.6749999999999999
0021000020001000000000000|0.6749999999999999|0.7333333333333333|0.0|0.0|0.675|0.75|0.8305555555555555|0.9055555555555556|0.0|0.7305555555555555|0.7583333333333333|0.975|0.0|0.9583333333333333|0.7583333333333333|0.75|0.8305555555555555|0.9999999975|0.8305555555555555|0.75|0.6749999999999999|0.75|0.7583333333333333|0.75|0.6749999999999999
0020000000001000000000000|0.6749999999999999|0.7|0.0|0.99999997|0.6749999999999999|0.75|0.8305555555555555|0.9249999999999999|0.8305555555555555|0.75|0.7583333333333333|0.975|0.0|0.975|0.7583333333333333|0.75|0.8305555555555555|0.975|0.8305555555555555|0.75|0.6749999999999999|0.75|0.7583333333333333|0.75|0.6749999999999999
0000011222011201220222010|0.8055555555555556|0.9138888888888889|0.7138888888888889|0.65|0.5750000000000001|0.0|0.0|0.0|0.0|0.0|-0.1611111111111111|0.0|0.0|0.0|0.0|0.0|0.0|0.0|0.9999999973055556|0.0|0.0|0.0|0.7083333333333333|0.0|0.6749999999999999
0000011222011201220202000|0.7305555555555555|0.8388888888888889|0.638888888888889|0.575|0.5|0.0|0.0|0.0|0.0|0.0|-0.18611111111111112|0.0|0.0|0.0|0.0|0.0|0.0|0.0|0.5555555555555556|0.0|0.55|0.0|0.5333333333333333|1.075833328825|0.5
0000011222011210221002111|0.8055555555555556|0.9138888888888889|0.7138888888888889|0.65|0.6083333333333334|0.0|0.0|0.0|0.0|0.0|0.8138888888888889|0.0|0.0|0.0|0.0|0.9999999971388889|0.0|0.0|0.0|0.0|0.6083333333333334|0.0|0.0|0.0|0.0
0000011220001210221002111|0.8305555555555556|0.9055555555555556|0.7388888888888889|0.6749999999999999|0.6583333333333333|0.0|0.0|0.0|0.0|0.725|0.9388888888888889|0.9999999985555555|0.0|0.0|0.0|0.6833333333333333|0.0|0.0|0.0|-0.21944444444444444|0.6333333333333334|0.0|0.0|0.0|0.0
0000001220001210201002111|0.6305555555555555|0.7999999999999999|0.7138888888888889|0.65|0.6333333333333333|0.9999999980000001|0.0|0.0|0.0|0.7|0.7388888888888889|0.7999999999999999|0.0|0.0|0.0|0.65|0.0|0.7805555555555556|0.0|-0.1444444444444445|0.6083333333333334|0.0|0.0|0.0|0.0
0000001220001200201200111|0.5805555555555556|0.75|0.6638888888888889|0.6|0.575|0.75|0.0|0.0|0.0|0.6|0.6888888888888889|0.75|0.0|0.0|1.9999999918888889|0.6|0.0|0.6805555555555556|0.0|0.0|0.5833333333333334|0.7333333333333333|0.0|0.0|0.0
0000001220001000201200101|0.6055555555555556|0.775|0.6888888888888889|0.625|0.6|0.775|0.0|0.0|0.0|0.625|0.7138888888888889|0.825|0.0|0.825|1.2638888888888886|0.625|0.0|0.85|0.0|0.0|0.6083333333333333|0.725|0.0|0.99999998825|0.0
0000000220001000201000101|0.575|0.65|0.6333333333333333|0.6|0.575|0.65|0.9999999970555555|0.0|0.0|0.6|0.6583333333333333|0.775|0.0|0.85|0.6888888888888889|0.6|0.0|0.8749999999999999|0.0|0.775|0.5833333333333334|0.7|0.0|-0.10000000000000009|0.0
0000000220001000001000120|0.625|0.7000000000000001|0.6833333333333333|0.65|0.625|0.7000000000000001|0.7555555555555556|0.0|0.0|0.65|0.7083333333333334|0.875|0.0|0.85|0.7388888888888889|0.7000000000000001|0.7888888888888889|0.8749999999999999|0.0|0.7999999999999999|0.6333333333333333|0.75|0.0|0.0|1.999999992138889
0000000020001000001000020|0.625|0.7000000000000001|0.7083333333333334|0.65|0.625|0.7000000000000001|0.7805555555555557|0.875|0.0|0.65|0.7083333333333334|0.9249999999999999|0.0|0.9|0.7388888888888889|0.7000000000000001|0.813888888888889|0.95|0.0|0.7999999999999999|0.625|0.7000000000000001|0.9999999971388889|0.0|0.6055555555555556
0000000000001000000000020|0.6749999999999999|0.75|0.7583333333333333|0.75|0.6749999999999999|0.75|0.8305555555555555|0.975|0.8305555555555555|0.75|0.7583333333333333|0.975|0.0|0.975|0.7583333333333333|0.75|0.8305555555555555|0.975|0.9999999978055556|0.75|0.6749999999999999|0.75|0.7083333333333333|0.0|0.625
0000002000001000000000000|0.65|0.6749999999999999|0.7333333333333334|0.725|0.65|0.9999999675|0.0|0.9|0.8055555555555556|0.725|0.7333333333333334|0.9|0.0|0.9500000000000001|0.7333333333333334|0.725|0.8055555555555556|0.9500000000000001|0.8055555555555556|0.725|0.65|0.725|0.7333333333333334|0.725|0.65
0000000000001020000000000|0.6749999999999999|0.75|0.7583333333333333|0.75|0.6749999999999999|0.75|0.8305555555555555|0.975|0.8305555555555555|0.99999997|0.7583333333333333|0.975|0.0|0.9249999999999999|0.0|0.75|0.8305555555555555|0.975|0.8305555555555555|0.7|0.6749999999999999|0.75|0.7583333333333333|0.75|0.6749999999999999
2021022212211122102011110|0.0|4.333333333333334|0.0|0.0|0.8305555555555556|0.0|0.0|0.0|0.0|0.0|0.0|0.0|0.0|0.0|0.0|0.0|0.0|0.7305555555555555|0.0|0.6055555555555556|0.0|0.0|0.0|0.0|0.9858333333333333
2021022210211122102011100|0.0|4.333333333333334|0.0|0.0|0.9055555555555556|0.0|0.0|0.0|0.0|0.9305555555555555|0.0|0.0|0.0|0.0|0.0|0.0|0.0|0.7805555555555556|0.0|0.6305555555555556|0.0|0.0|0.0|0.9933333333333333|0.6333333333333333
2021022210211002102011100|0.0|4.358333333333333|0.0|0.0|0.7805555555555556|0.0|0.0|0.0|0.0|0.8555555555555555|0.0|0.0|0.0|3.7623333333333333|0.763888888888889|0.0|0.0|0.7555555555555555|0.0|0.6749999999999999|0.0|0.0|0.0|0.9083333333333333|0.6583333333333333
0120022210211002102011100|0.0|0.0|0.0|0.9808333333333333|0.6555555555555556|0.0|0.0|0.0|0.0|0.8250000000000001|0.0|0.0|0.0|1.0083333333333333|0.763888888888889|0.0|0.0|0.7555555555555555|0.0|0.6749999999999999|0.0|0.0|0.0|0.9083333333333333|0.6583333333333333
0000022210211002102011100|0.55|0.9658333333333333|0.6888888888888889|0.775|0.6055555555555556|0.0|0.0|0.0|0.0|0.775|0.0|0.0|0.0|0.9583333333333333|0.7138888888888889|0.0|0.0|0.7055555555555556|0.0|0.625|0.0|0.0|0.0|0.8583333333333333|0.6083333333333333
0000002210201002102011100|0.6|0.625|0.6888888888888889|0.775|0.6055555555555556|0.55|0.0|0.0|0.0|0.775|0.0|0.9833333333333333|0.0|0.825|0.7138888888888889|0.0|0.0|0.8055555555555556|0.0|0.625|0.0|0.0|0.0|0.8083333333333333|0.6083333333333333
0000002210001002102010100|0.6|0.625|0.6888888888888889|0.775|0.6055555555555556|0.625|0.0|0.0|0.0|0.775|1.2638888888888886|0.825|0.0|0.825|0.7138888888888889|0.0|0.0|0.85|0.0|0.625|0.0|0.8825000000000001|0.0|0.725|0.6083333333333333
0000002200001000102010100|0.575|0.6|0.6333333333333333|0.65|0.575|0.6|0.0|0.0|0.9999999705555556|0.65|0.6888888888888889|0.85|0.0|0.775|0.6583333333333333|0.775|0.0|0.8749999999999999|0.0|0.6|0.0|-0.10000000000000009|0.0|0.7|0.5833333333333334
0000002200001000100002100|0.625|0.65|0.6833333333333333|0.7000000000000001|0.625|0.65|0.0|0.0|0.7555555555555556|0.7000000000000001|0.7388888888888889|0.85|0.0|0.875|0.7083333333333334|0.7999999999999999|0.0|0.8749999999999999|0.7888888888888889|0.7000000000000001|1.9999999213888888|0.0|0.0|0.75|0.6333333333333333
0000002000001000100002000|0.625|0.65|0.7083333333333334|0.7000000000000001|0.625|0.65|0.0|0.875|0.7805555555555557|0.7000000000000001|0.7388888888888889|0.9|0.0|0.9249999999999999|0.7083333333333334|0.7999999999999999|0.0|0.95|0.813888888888889|0.7000000000000001|0.6055555555555556|0.0|0.9999999713888889|0.7000000000000001|0.625
0000000000001000000002000|0.6749999999999999|0.75|0.7583333333333333|0.75|0.6749999999999999|0.75|0.8305555555555555|0.975|0.8305555555555555|0.75|0.7583333333333333|0.975|0.0|0.975|0.7583333333333333|0.75|0.9999999780555555|0.975|0.8305555555555555|0.75|0.625|0.0|0.7083333333333333|0.75|0.6749999999999999
0212001011211221012010122|1.2638888888888888|0.0|0.0|0.0|1.3888888888888888|1.663888888888889|0.0|0.03888888888888886|0.0|0.0|0.0|0.0|0.0|0.0|0.0|0.0|0.9888888888888889|0.0|0.0|6.0|0.0|1.0388888888888888|0.0|0.0|0.0
0012001011211220212012122|0.7138888888888889|0.9083333333333333|0.0|0.0|1.3888888888888888|0.9055555555555556|0.0|-0.011111111111111183|0.0|0.0|0.0|0.0|0.0|0.0|0.0|3.0|0.0|0.0|0.0|3.358333333333333|0.0|0.0|0.0|0.0|0.0
0012001011011220212002122|-0.42500000000000004|-0.4416666666666667|0.0|0.0|0.0|-0.45000000000000007|0.0|0.0|0.0|0.0|-0.36944444444444446|0.0|0.0|0.0|0.0|-0.1694444444444444|0.0|0.0|0.0|0.0|3.3858333333333333|0.0|0.0|0.0|0.0
0002001211011220212002102|0.6305555555555555|0.8833333333333333|2.9722222222222223|0.0|0.0|0.8805555555555555|0.0|0.0|0.0|0.0|0.9138888888888889|0.0|0.0|0.0|0.0|0.7138888888888889|0.0|0.0|0.0|0.0|0.6083333333333334|0.0|0.0|0.7805555555555556|0.0
0002001010011220212002102|0.6305555555555555|0.9833333333333333|0.6888888888888889|0.0|0.6055555555555556|0.9805555555555555|0.0|0.9638888888888888|0.0|1.0|1.0138888888888888|0.0|0.0|0.0|0.0|0.7138888888888889|0.0|0.0|0.0|0.0|0.6083333333333334|0.0|0.0|0.8805555555555555|0.0
0000001010011220212002002|0.6805555555555556|1.0333333333333334|0.763888888888889|0.85|0.6805555555555556|1.0305555555555554|0.0|1.0638888888888889|0.0|0.8|1.0638888888888889|0.0|0.0|0.0|0.0|0.7638888888888888|0.0|0.0|0.0|0.0|0.625|0.0|1.0|0.6555555555555557|0.0
0000001010011220202000002|0.6805555555555556|1.0333333333333334|0.763888888888889|0.85|0.6805555555555556|1.0305555555555554|0.0|1.0305555555555554|0.0|0.8|1.0638888888888889|0.0|0.0|0.0|0.0|0.7305555555555555|0.0|1.0|0.0|0.0|0.6749999999999999|0.7333333333333333|0.7583333333333333|0.625|0.0
0000001000011220002000002|0.6805555555555556|1.0833333333333335|0.788888888888889|0.75|0.6749999999999999|1.0805555555555557|0.0|1.0555555555555556|1.0233333333333332|0.7|1.113888888888889|0.0|0.0|0.0|0.0|0.7555555555555556|1.1888888888888889|1.1055555555555556|0.0|0.0|0.6749999999999999|0.7583333333333333|0.7583333333333333|0.625|0.0
0000000000011020002000002|0.6749999999999999|0.7583333333333333|0.7583333333333333|0.75|0.6749999999999999|0.7555555555555556|1.0|1.1055555555555556|0.8305555555555555|0.7|1.0333333333333334|0.0|0.0|0.9833333333333334|0.0|0.7555555555555556|1.1055555555555556|1.0555555555555556|0.0|0.0|0.6749999999999999|0.7583333333333333|0.7583333333333333|0.625|0.0
0000000000001020002100000|0.6749999999999999|0.75|0.7583333333333333|0.75|0.6749999999999999|0.75|0.8305555555555555|0.975|0.8305555555555555|0.7333333333333333|0.7583333333333333|1.0|0.0|0.9055555555555556|0.0|0.75|0.8305555555555555|0.9583333333333333|0.0|0.0|0.6749999999999999|0.75|0.7583333333333333|0.7305555555555555|0.675
0000000000001000002000000|0.65|0.725|0.7333333333333334|0.725|0.65|0.725|0.8055555555555556|0.9500000000000001|0.8055555555555556|0.725|0.7333333333333334|0.9500000000000001|0.0|0.9|0.7333333333333334|0.725|0.8055555555555556|0.9|0.0|1.0|0.65|0.725|0.7333333333333334|0.6749999999999999|0.65
2002012202011221102010102|0.0|-0.21111111111111114|-0.11111111111111116|0.0|-0.9166666666666667|0.0|0.0|0.0|-0.8111111111111111|0.0|0.0|0.0|0.0|0.0|0.0|0.0|0.0|-0.08611111111111108|0.0|-9.6111111111111e-07|0.0|0.0|0.0|-0.09166666666666665|0.0
0102012202011221102010102|-0.2250000000000001|0.0|2.1763873958333333|0.0|0.0|0.0|0.0|0.0|0.0|0.0|0.01388888888888884|0.0|0.0|0.0|0.0|0.0|0.0|0.9888888888888889|0.0|0.0|0.0|0.06388888888888877|0.0|0.7|0.0
0102012202211200102110102|-0.275|0.0|0.6833333333333333|0.0|0.0|0.0|0.0|0.0|0.0|0.0|0.0|0.0|0.0|0.0|0.0|2.9488874538888887|0.0|0.8888888888888888|0.0|0.0|0.0|0.008333333333333193|0.0|1.3305555555555553|0.0
0102002202011200102110102|0.725|0.0|0.7083333333333334|0.0|0.0|1.9663876280555557|0.0|0.0|0.0|0.0|1.0138888888888888|0.0|0.0|0.0|0.0|0.9555555555555556|0.0|0.9638888888888889|0.0|0.0|0.0|0.08333333333333326|0.0|1.3555555555555556|0.0
0102002202011200102010100|0.6749999999999999|0.0|0.6583333333333333|0.0|0.0|0.6555555555555556|0.0|0.0|0.0|0.0|0.9638888888888888|0.0|0.0|0.0|0.6083333333333334|0.9055555555555556|0.0|0.8805555555555555|0.0|0.99999965|0.0|0.033333333333333326|0.0|0.75|0.6333333333333333
0002002210011200102010100|0.6|0.9999996583333334|0.638888888888889|0.0|0.5805555555555556|0.6555555555555556|0.0|0.0|0.0|0.6749999999999999|0.9388888888888889|0.0|0.0|0.0|0.6888888888888889|0.8805555555555555|0.0|0.8555555555555555|0.0|0.625|0.0|0.008333333333333193|0.0|0.725|0.6083333333333333
0000002210001200102010100|0.625|0.65|0.7138888888888889|0.75|0.6305555555555555|0.65|0.0|0.0|0.0|0.75|0.7388888888888889|0.99999985|0.0|0.0|0.7138888888888889|0.825|0.0|0.8749999999999999|0.0|0.65|0.0|-0.050000000000000044|0.0|0.75|0.6333333333333333
